aid
100763
103069
104025
112541
118279
130055
155361
155802
174854
181564
212535
228294
234074
243530
245045
245244
245369
281526
297414
299883
300459
316746
322350
340547
341188
358268
365521
377267
401606
415514
436422
447863
473480
484959
510842
531871
542826
611711
642383
664703
666752
681082
696062
757183
771101
795987
817792
822051
854347
888544
900915
909103
912744
941766
942815
950641
990985
1001081
1023271
1023596
1029461
1043351
1099888
1101274
1186416
1200266
1219581
1226856
1616859
1631319
1713679
1741811
1823352
1824847
1856946
1872123
1975251
2079939
2091940
2113094
2164119
2177298
2250372
2266228
2391791
2399207
2492015
2507644
2569496
2645987
2785384
2813136
2902971
2927367
2959789
2966369
3024955
3041211
3114613
3193001
3195241
3197498
3212837
3227874
3250063
3331264
3444261
3455152
3463478
3592082
3602916
3626138
3723080
3728828
3782282
3822264
3864773
3867746
3906037
3968439
3972161
4054818
4059381
4138097
4174366
4268222
4299097
4450281
4535641
4554809
4557971
4633114
4650632
4711207
4751808
4835429
4840793
4893470
4929049
5001349
5030265
5050926
5061099
5072677
5092543
5094845
5191895
5246996
5285162
5286738
5297733
5310218
5319729
5474405
5523586
5554588
5568484
5573686
5583273
5613590
5650885
5654359
5682462
5684110
5715863
5722410
5722847
5728404
5728412
5730206
5730316
5767475
5777541
5801503
5802795
5839966
5865906
5883833
5898178
5912775
5930346
5931084
5955369
5957601
9017965
9023104
9030606
9038004
9068865
9094296
9100705
9100710
9100732
9100749
9100750
9100751
9100752
9100758
9100764
9100783
9100803
9100804
9101673
9104663
9107775
9111783
9111857
9118006
9122626
9190470
9199582
9218056
9226432
9228067
9231621
9241449
9253639
9272771
9285864
9285887
9301838
9319803
9340903
9364775
9387491
9389218
9455019
9459437
9474741
9477659
9482676
9493736
9515783
9521806
9522722
9570580
9587186
9592567
9611035
9623780
9642393
9643825
9656176
9668109
9760212
9772717
9778503
9804202
9829591
9836660
9872670
9879797
9890060
9902575
9920425
9938085
9953041
9987595
9992115
9999670
10044632
10087171
10169061
10176209
10197827
10201066
10207552
10254754
10254755
10269208
10282343
10282897
10312039
10318073
10327156
10349133
10352027
10358479
10368963
10385121
10388132
10390454
10399129
10402192
10403419
10406190
10406308
10407573
10408410
10418562
10437168
10437535
10440957
10443030
10446750
10450106
10453681
10459546
10460686
10465648
10471480
10474369
10475387
10476617
10477071
10479917
10483263
10483519
10485170
10486055
10486208
10487321
10488859
10501048
10502397
10503401
10504465
10507061
10507196
10507312
10507554
10507603
10507873
10508908
10509323
10510881
10511084
10513095
10513891
10513921
10513925
10516143
10519331
10520491
10521171
10521884
10522245
10522290
10522359
10522492
10522732
10522852
10522861
10522922
10524023
10525401
10525703
10527822
10528683
10529203
10529786
10530528
10530986
10531044
10533034
10534105
10534727
10535014
10535176
10536416
10538279
10538770
10538860
10540018
10540192
10540200
10540571
10541760
10542149
10543046
10543230
10543289
10543784
10544567
10544600
10545588
10545784
10546788
10548320
10549044
10549297
10552118
10553243
10554876
10555860
10556260
10556549
10556614
10556900
10557816
10557934
10560304
10560482
10560982
10561454
10562730
10563887
10563963
10565177
10566068
10566183
10566349
10567911
10570719
10572611
10572918
10575498
10576049
10576791
10576941
10578750
10579801
10580811
10580881
10582202
10582589
10583231
10583263
10583622
10583933
10584474
10585071
10585077
10585083
10585086
10585089
10586063
10586134
10586240
10586672
10586766
10587295
10587573
10588441
10589669
10589776
10590293
10590662
10591000
10592014
10592070
10593059
10593509
10594207
10594319
10594448
10594826
10595764
10596244
10596299
10596611
10597228
10597695
10598053
10598147
10599606
10600562
10600788
10600967
10601095
10601199
10601999
10602243
10603290
10603781
10604063
10604303
10604306
10604360
10604380
10605295
10605428
10605825
10606657
10608012
10608110
10608260
10608372
10608450
10609109
10610308
10612095
10612850
10613315
10613569
10614068
10614284
10615357
10615388
10615685
10615978
10616456
10616715
10616949
10617343
10618504
10618505
10619851
10620079
10620121
10621827
10621880
10622207
10623456
10624404
10625863
10626590
10627080
10627331
10627518
10627817
10628439
10628955
10629909
10630190
10630218
10631277
10631837
10632312
10633316
10633514
10634153
10634445
10635831
10635838
10635844
10635856
10635872
10635873
10635877
10635879
10636193
10636199
10636203
10636908
10637858
10639031
10639203
10640824
10640827
10640831
10641041
10641290
10641366
10642182
10642185
10642191
10642197
10642480
10642486
10642499
10642518
10642606
10642616
10642642
10642654
10642661
10642677
10644060
10644165
10644953
10645809
10645900
10645930
10645965
10646497
10646637
10646679
10646861
10647002
10647045
10647102
10647139
10647176
10647337
10647448
10647533
10647554
10647799
10647962
10648161
10648288
10648388
10648457
10648543
10650425
10651839
10653567
10653607
10653640
10653693
10653717
10653741
10654016
10654040
10654066
10654085
10654105
10654124
10656549
10656563
10656639
10656669
10656862
10656877
10656891
10656906
10656918
10657486
10659277
10659337
10659413
10659493
10659543
10659835
10660062
10660091
10660113
10660136
10660160
10660259
10660268
10660327
10660390
10660473
10660508
10660712
10660909
10660917
10661149
10661583
10661640
10661976
10662464
10662952
10664630
10665014
10665238
10665643
10666131
10667133
10667238
10667341
10667403
10667510
10667577
10668047
10669073
10672015
10672577
10673093
10673156
10673208
10673255
10673299
10674776
10675502
10676026
10677331
10677696
10678284
10679235
10679318
10679416
10679490
10682524
10682733
10682735
10682899
10683068
10683207
10683293
10683425
10683453
10683724
10683749
10683872
10683972
10684050
10684125
10684212
10684600
10684728
10684819
10684890
10684893
10684934
10684980
10685049
10685103
10685170
10685350
10685717
10689469
10689648
10692994
10693028
10693076
10693113
10693336
10694847
10695028
10695168
10695613
10696115
10696542
10698608
10699032
10699749
10700058
10700198
10700202
10700412
10700552
10701008
10701299
10701534
10701787
10702870
10703483
10703486
10703754
10703818
10704017
10704298
10704504
10704536
10704594
10705547
10705684
10705737
10706569
10707327
10708558
10709381
10710065
10711478
10711639
10711998
10713080
10713939
10713981
10713982
10713986
10715585
10716056
10716252
10716862
10718002
10718043
10718545
10718547
10719588
10719764
10720618
10720648
10721073
10721111
10721724
10721931
10723650
10723858
10724097
10724205
10724221
10724637
10725287
10726080
10726135
10726169
10726176
10726204
10726504
10726762
10726772
10726796
10726968
10727241
10727460
10727847
10727884
10727890
10728461
10728566
10728588
10728600
10729189
10729208
10730059
10730065
10730646
10730700
10730703
10730708
10730946
10730960
10731411
10731582
10731610
10731767
10731768
10732320
10733622
10734993
10735222
10735473
10735689
10735825
10735925
10736272
10736489
10736668
10736779
10736800
10736836
10739163
10739524
10739549
10739919
10740757
10741164
10742178
10742189
10743225
10743409
10743889
10744632
10744673
10744708
10744709
10744710
10744711
10744746
10744747
10744748
10744749
10744750
10744751
10744764
10744778
10744796
10744797
10744798
10744799
10744800
10744802
10744803
10744804
10744805
10744807
10744808
10744809
10744810
10744811
10744812
10744815
10744816
10744819
10744820
10744821
10744824
10744833
10744835
10744839
10744849
10744851
10744855
10745011
10745113
10745114
10745137
10746080
10746221
10746352
10747999
10748174
10748264
10748306
10748527
10748537
10748545
10748546
10748549
10748553
10748561
10750887
10750937
10750955
10760823
10768908
10781841
10795975
10796005
10796024
10796036
10796042
10799886
10799915
10799927
10799940
10829833
10867753
10873334
10874007
10874274
10874886
10874918
10874943
10875040
10875167
10875386
10876092
10876095
10876517
10878328
10878672
10879027
10879029
10879202
10879497
10879969
10879976
10880715
10880834
10880955
10881699
10882584
10883341
10883361
10883362
10883363
10883364
10883365
10883407
10883844
10883878
10884030
10884201
10884751
10884752
10884753
10884754
10884755
10884756
10884779
10885194
10885384
10885868
10885876
10885930
10885968
10886310
10886553
10886576
10886577
10886583
10886601
10886748
10886749
10888050
10888079
10888873
10889535
10890140
10890163
10890203
10890323
10890591
10890592
10890593
10890594
10890595
10890616
10890623
10890640
10890641
10890711
10890712
10890713
10890859
10890913
10890975
10891266
10891311
10891327
10891395
10891495
10891604
10892080
10892164
10892253
10892688
10893021
10893025
10893026
10893027
10894880
10895079
10895455
10896047
10896224
10896787
10897013
10897168
10897400
10897863
10898174
10898381
10898454
10899274
10900208
10901372
10902021
10902696
10903011
10906935
10907487
10907634
10908012
10908233
10908236
10909332
10909700
10910163
10910823
10911022
10911024
10911025
10911042
10911106
10911479
10911636
10911852
10912076
10912099
10912281
10912292
10912294
10912301
10912608
10912660
10912683
10912704
10912705
10912716
10912717
10912718
10912719
10912720
10912738
10912769
10912770
10912811
10912867
10912878
10912889
10913290
10913337
10913404
10913421
10913543
10913606
10913752
10913755
10913759
10913770
10913808
10913982
10914115
10914116
10914178
10914211
10914269
10914314
10914335
10914357
10914363
10914386
10914875
10914924
10915017
10915019
10915023
10915091
10915332
10915357
10915376
10915404
10915630
10915856
10916052
10916250
10916325
10916518
10916737
10917064
10917716
10918169
10918569
10918774
10918776
10919425
10920726
10921273
10921300
10921488
10921818
10922416
10922548
10922569
10922609
10922792
10922984
10923114
10923149
10923216
10923232
10923294
10923311
10923400
10923411
10923420
10923484
10923561
10923618
10923629
10923670
10923715
10923716
10923780
10923817
10923819
10923826
10923874
10923875
10923881
10923890
10923914
10923927
10923928
10923930
10923972
10923980
10923986
10923987
10923998
10924028
10924040
10924051
10924058
10924086
10924143
10924148
10924159
10924188
10924191
10924211
10924231
10924245
10924265
10924276
10924278
10924279
10924298
10924302
10924313
10924316
10924329
10924339
10924342
10924408
10924411
10924412
10924429
10924448
10924457
10924478
10924522
10924525
10924537
10924538
10924609
10924613
10924629
10924718
10924719
10924727
10924743
10924751
10924752
10924761
10924827
10924850
10924876
10924880
10924959
10924967
10925010
10925053
10925107
10925127
10925128
10925131
10925151
10925185
10925196
10925201
10925206
10925218
10925314
10925341
10925342
10925349
10925352
10925365
10925377
10925388
10925459
10925509
10925530
10925561
10925587
10925596
10925611
