aid
101443
101812
102139
103819
109719
110290
110805
111611
112014
112116
113362
115392
119013
119936
126311
127952
129292
130055
130727
130889
135470
136875
141418
144750
145089
148592
149343
151095
154351
155361
158258
160799
162925
163724
165320
169902
171561
171908
175063
176575
178430
182003
186230
188237
188840
191846
198553
202303
203917
205169
209861
210131
216912
217704
220705
221789
222863
222971
223192
223428
225681
226468
226794
230475
232894
233660
235525
236265
238382
243656
247959
250567
254023
255801
256109
258875
259918
261398
272004
272165
273869
275813
279547
280570
281291
287871
288389
291508
292741
298206
299157
311406
317558
319258
319934
323070
325275
326995
327538
333910
340547
347382
348446
354391
354501
357135
361601
366577
367654
370550
373158
383562
386538
389741
390476
391090
399590
402616
404648
410183
410401
413815
415514
421842
423215
426606
428666
432615
433077
433163
436076
436304
449254
455585
460540
461043
463376
471705
476528
477751
478832
479055
481439
494013
506073
507221
507582
510018
521080
528343
529030
534977
538670
539051
540064
542522
544807
545979
553453
554226
557250
590599
596684
597978
601217
609714
610751
625188
625498
628068
628347
628989
631944
632991
637484
647858
649796
658628
663030
665376
670629
670694
672465
686822
688290
689439
690632
704769
707563
708470
712844
712914
715879
724288
727517
739336
745069
747613
755559
757636
761779
763082
772126
772546
773442
780210
780317
786614
793715
795987
798082
801638
804765
807375
811668
817439
822452
827203
828572
835969
840222
844302
844365
844410
853832
862105
865655
872429
872860
874980
876541
878282
880204
881161
882449
884370
885400
888005
889153
892836
902104
907646
909103
921079
938152
941397
950009
950441
950862
954157
956069
967812
969119
974748
984045
985246
990985
998088
1002823
1005702
1023271
1023596
1025732
1027229
1027681
1039817
1042175
1042303
1062403
1066541
1073144
1073270
1088061
1090971
1094883
1101274
1104799
1118111
1122432
1127580
1136037
1143307
1145540
1147575
1151187
1157406
1160667
1165354
1166238
1168710
1169701
1171825
1175149
1186416
1193925
1194159
1205156
1216695
1219937
1220102
1226856
1233359
1234237
1242028
1245166
1249498
1267408
1272463
1275451
1276170
1277471
1277823
1281386
1297622
1300386
1302991
1304737
1310503
1317470
1355798
1364318
1372792
1373489
1387837
1401704
1406491
1419502
1425207
1440708
1440765
1441883
1453011
1458686
1459537
1461344
1467289
1469631
1475986
1477477
1489758
1544311
1545990
1553147
1556562
1558243
1564608
1585585
1592098
1593672
1615040
1616859
1619768
1639776
1655900
1659617
1662369
1662711
1685936
1687532
1717460
1722568
1728727
1732269
1738320
1759809
1768073
1773458
1807614
1809580
1811607
1812432
1830924
1833712
1848406
1856046
1872042
1872123
1915344
1920442
1927011
1962893
1967239
1972318
1975251
1979501
1984276
2005125
2025338
2030356
2043671
2047127
2064997
2084053
2113094
2118023
2118884
2126740
2127475
2129948
2154263
2157405
2160885
2174137
2202142
2204287
2232296
2237117
2256718
2259018
2262467
2263827
2266228
2306693
2319905
2324532
2333146
2354086
2365668
2382195
2387828
2392699
2416920
2417757
2441071
2442991
2446795
2479179
2493185
2507644
2553714
2558730
2561632
2569496
2570293
2591782
2613464
2638469
2650427
2665290
2667340
2676425
2683978
2693271
2694517
2695365
2723398
2730469
2741593
2743741
2746093
2746964
2747782
2750863
2755792
2756287
2759459
2763077
2775685
2778979
2785384
2785638
2790953
2813084
2813136
2818341
2820468
2824224
2826063
2828866
2828894
2832448
2836010
2836151
2838794
2845762
2849226
2850627
2853681
2858099
2862120
2862696
2863272
2863535
2868555
2872354
2876104
2876327
2907601
2915341
2927367
2930496
2930754
2933136
2942856
2943028
2944619
2962589
2972780
2973438
2974130
2975682
2976863
2978770
2979580
3004361
3013339
3013711
3019977
3024955
3031257
3038599
3039275
3040288
3046115
3060418
3062151
3064585
3066969
3068015
3071132
3080343
3085226
3085582
3086518
3089532
3098026
3098066
3098307
3104287
3106062
3107052
3107932
3109144
3112350
3112716
3132590
3136320
3137968
3140690
3162052
3166407
3166582
3172116
3197498
3198715
3199364
3200611
3213896
3219260
3227874
3228040
3236999
3246843
3254210
3269809
3275332
3277262
3280739
3289567
3294190
3302725
3302776
3315827
3321207
3325759
3331264
3334786
3335033
3354699
3359536
3360542
3367631
3372905
3379637
3383036
3385054
3393929
3396533
3402450
3408450
3409926
3439468
3444261
3448465
3452866
3455152
3463478
3466226
3471340
3480858
3489437
3498332
3502249
3505279
3509006
3511038
3524882
3527339
3527502
3533916
3536546
3546383
3548548
3549660
3558358
3574968
3581201
3587086
3591311
3592825
3595876
3597985
3615920
3622271
3626138
3626351
3639827
3647269
3649350
3656041
3658038
3664589
3679496
3682357
3691386
3696050
3714076
3715812
3718080
3718764
3723080
3727385
3737628
3745561
3754988
3764925
3766868
3773491
3779283
3782282
3792407
3796126
3799714
3801423
3801957
3807230
3807820
3810513
3813291
3814832
3822264
3823572
3824678
3826709
3840945
3850335
3852589
3858541
3858657
3866709
3885118
3885728
3887990
3901949
3906937
3924123
3927205
3927906
3933553
3947504
3952656
3956849
3967180
3968900
3969035
3972037
3981452
3991969
3996064
4002415
4006992
4007367
4018855
4022472
4030309
4055528
4055848
4059381
4062123
4065221
4065666
4081527
4087528
4092221
4102132
4104705
4107496
4108765
4125861
4127095
4128492
4138097
4139537
4140473
4154247
4159797
4159922
4160945
4163312
4163839
4175133
4175176
4176761
4194604
4204902
4205929
4219290
4221481
4228104
4228428
4241283
4243145
4246197
4246824
4250430
4251283
4259815
4262193
4264777
4282336
4283654
4287089
4299097
4300094
4318333
4320283
4324525
4325853
4329367
4332458
4341512
4348344
4351201
4351230
4353908
4358447
4359347
4366401
4369700
4392602
4413319
4423513
4423561
4446420
4450281
4452505
4455759
4457590
4460961
4465121
4470616
4492149
4495385
4498109
4513245
4515087
4529033
4540680
4541530
4547065
4554809
4557971
4566821
4568511
4569496
4571359
4580434
4582540
4590800
4597108
4601800
4603592
4612353
4615998
4617914
4620648
4625022
4631416
4632114
4635958
4636411
4638871
4670880
4673431
4674231
4676224
4697779
4697995
4708540
4712419
4718364
4724070
4728469
4744029
4747301
4754230
4763015
4763805
4764806
4767945
4769659
4771798
4776179
4777133
4799160
4830935
4831560
4838720
4840793
4842951
4844814
4854004
4863235
4863917
4865736
4866152
4879656
4880780
4881112
4888064
4892878
4894227
4902611
4907501
4908485
4911375
4916185
4916961
4920732
4920850
4922694
4928954
4933474
4940720
4944782
4952306
4962013
4969731
4970342
4972892
4982240
4983806
4987530
4990680
4999147
5000763
5002452
5007866
5010026
5010173
5012524
5012696
5013615
5018102
5019402
5020827
5020975
5021899
5023919
5025856
5032731
5033071
5035572
5036119
5036145
5041407
5041462
5050141
5050926
5052373
5054211
5056848
5057155
5062491
5070290
5072354
5072677
5074734
5078473
5082716
5085289
5098640
5099490
5107744
5112539
5114125
5119918
5120119
5121934
5125026
5133442
5135896
5139262
5140077
5141467
5145717
5146131
5148745
5150777
5153563
5158252
5159176
5159997
5160132
5166963
5167025
5169752
5169770
5175359
5176454
5177752
5178541
5180247
5181318
5181509
5183279
5184278
5189631
5190412
5191895
5193987
5195174
5196124
5196247
5199230
5199419
5203084
5205646
5211684
5213427
5214739
5222075
5223240
5230968
5232663
5233264
5242526
5243103
5244146
5247218
5247590
5256881
5257803
5258816
5259513
5261521
5262546
5268415
5276860
5278822
5284108
5285162
5291079
5295091
5296050
5301258
5305676
5305987
5308103
5308539
5309281
5320984
5323136
5323849
5334256
5335455
5336506
5337243
5337513
5343240
5343316
5348925
5349789
5350512
5352934
5355550
5356597
5358712
5360143
5363273
5363491
5371480
5380586
5387916
5390312
5395793
5398311
5399268
5400410
5407529
5412537
5413656
5415661
5417158
5418107
5419707
5441262
5446075
5446113
5447700
5451111
5455152
5459011
5464486
5466921
5471268
5473458
5477486
5477501
5478014
5480225
5480387
5480444
5486772
5506761
5512988
5514300
5514593
5514606
5515397
5515966
5517375
5522859
5523410
5523586
5523795
5526429
5526601
5531028
5532112
5533573
5536118
5536625
5537246
5539558
5541572
5543202
5543877
5548260
5551936
5554588
5555707
5557401
5561154
5562235
5562456
5567789
5569313
5571795
5572088
5572868
5572978
5574626
5575541
5576248
5576829
5578824
5581894
5583273
5583730
5586077
5586383
5586500
5586700
5587566
5588123
5588180
5589147
5589475
5593098
5595074
5597781
5598084
5598246
5598277
5599428
5600209
5602596
5603309
5603457
5605293
5606667
5607028
5613059
5613590
5615387
5619244
5632937
5635494
5637526
5642053
5644323
5645664
5646490
5655922
5656931
5660833
5661662
5662297
5669115
5670123
5671660
5672645
5674019
5675485
5678455
5683270
5683413
5687832
5688534
5689864
5690217
5693946
5697063
5698373
5699796
5705481
5708987
5715863
5716494
5717474
5720426
5722583
5722731
5729355
5729676
5730206
5730242
5730316
5731665
5735036
5736410
5736715
5737228
5737611
5737744
5738060
5741400
5743657
5744134
5744513
5744581
5744925
5746069
5746154
5746238
5751807
5758758
5761868
5762273
5762521
5762765
5762793
5762951
5763016
5763043
5763048
5763056
5763153
5763295
5763373
5763411
5763586
5763747
5764126
5764399
5765647
5767475
5767502
5768137
5769159
5769355
5770251
5771664
5772758
5775601
5776733
5777004
5780810
5783228
5783367
5783450
5783508
5784368
5784924
5785389
5788104
5791374
5791466
5794977
5795529
5797414
5797431
5798165
5800892
5802299
5802547
5802897
5804247
5806442
5808005
5808745
5808984
5811320
5811384
5811564
5813030
5813244
5814247
5814852
5815480
5818111
5818779
5819469
5821078
5822172
5823112
5823198
5823956
5824659
5828353
5828519
5830325
5831110
5831446
5832103
5832894
5834729
5835931
5836405
5837350
5839649
5839966
5844966
5845570
5852922
5855721
5856093
5861616
5866849
5867698
5868778
5870011
5875215
5877899
5878934
5879617
5880599
5883014
5883042
5883401
5884222
5886628
5887400
5887815
5887901
5887902
5888426
5888640
5889270
5889994
5890434
5891406
5892568
5893513
5895109
5900094
5900794
5901274
5903691
5905399
5905403
5905404
5905634
5905639
5905642
5905647
5907631
5908276
5909975
5911904
5911907
5911909
5912822
5912824
5913112
5914160
5916215
5916218
5916219
5916220
5916222
5917559
5917825
5918137
5918307
5919872
5921845
5922778
5923214
5924019
5924112
5924128
5924219
5925025
5925084
5925356
5925989
5927719
5927759
5927807
5928570
5929301
5930260
5930816
5935046
5936642
5937230
5937349
5938610
5938790
5938791
5938792
5938793
5938859
5938861
5938862
5938940
5939806
5942277
5942495
5946828
5947291
5950885
5951800
5951801
5953277
5953345
5954457
5955580
5956479
5958354
5960627
5961422
5961654
5962483
5963023
5964006
5964043
5964280
5967658
5971984
5973497
5973610
9003503
9005004
9007013
9009438
9010223
9010599
9011386
9012342
9014963
9018160
9018518
9018864
9019466
9020421
9022493
9023104
9023620
9023814
9027981
9031937
9032074
9032496
9032512
9033762
9035408
9036275
9037105
9038017
9040406
9040673
9041376
9042007
9042561
9046287
9047929
9050086
9050546
9050588
9051460
9052217
9052799
9052941
9053295
9053415
9053416
9053725
9053924
9053925
9053926
9053927
9053928
9054053
9054075
9054076
9054077
9054078
9054079
9054097
9054098
9054099
9055111
9056381
9057809
9057973
9058463
9058856
9060518
9067536
9075010
9077121
9077956
9081707
9081801
9082811
9082843
9083440
9085107
9088762
9089055
9090136
9090811
9090834
9091316
9091489
9096003
9096281
9096559
9098382
9098421
9098832
9100077
9100093
9100485
9100704
9100705
9100710
9100721
9100732
9100749
9100750
9100758
9100766
9100783
9100788
9100789
9100802
9100803
9100807
9102535
9104151
9104473
9104663
9105676
9107553
9109004
9109186
9110182
9111783
9111857
9119415
9119845
9122626
9123169
9125259
9126050
9126232
9127185
9129522
9134262
9136527
9148137
9149860
9150774
9150867
9150905
9150940
9151786
9152691
9156281
9160242
9160683
9164461
9167777
9168508
9170097
9172522
9175934
9176772
9181268
9181536
9181748
9184347
9184662
9186937
9188298
9189859
9191811
9192803
9195540
9196403
9196600
9201414
9201648
9204585
9205017
9205716
9206407
9207717
9209774
9210454
9211002
9215059
9215188
9216265
9218056
9218984
9221628
9221896
9223785
9224425
9224485
9227587
9229802
9230114
9230371
9232999
9234334
9234630
9234781
9234853
9234858
9234859
9234865
9234867
9234883
9235179
9236048
9238056
9238500
9240474
9240759
9241446
9241563
9241964
9242320
9242856
9243981
9244246
9244296
9248860
9249432
9250549
9250791
9251205
9251359
9251365
9251392
9251394
9253004
9253686
9254059
9257450
9259471
9260087
9260354
9260381
9260529
9260552
9260577
9260735
9260774
9262058
9262441
9262945
9263529
9263633
9263825
9263828
9263830
9263886
9264786
9265038
9265230
9265451
9265697
9266056
9266510
9268537
9268858
9271492
9271495
9272731
9272771
9274056
9274583
9276301
9277026
9277882
9277982
9278050
9278459
9278608
9279271
9279952
9280011
9280466
9280480
9280531
9280694
9280758
9281014
9282001
9282004
9282023
9282032
9282611
9284020
9284358
9284941
9285447
9285614
9285846
9286582
9287658
9288214
9288831
9289135
9290004
9290389
9290395
9291164
9291429
9291631
9292202
9293635
9293777
9294690
9294692
9294694
9294696
9294699
9294701
9296262
9296898
9297675
9298377
9298961
9299219
9300037
9300537
9301086
9303299
9303444
9304275
9304291
9304733
9305018
9305453
9305483
9305740
9305950
9306099
9306153
9309337
9309366
9309369
9310906
9311100
9312527
9313277
9313748
9314437
9316376
9316624
9316802
9317426
9317691
9317703
9317713
9317723
9317735
9318195
9319344
9321329
9321934
9322677
9324506
9325362
9325907
9325973
9326089
9326229
9327342
9327631
9327745
9329520
9330421
9331178
9334071
9334301
9335896
9336886
9338024
9339474
9339525
9340544
9341251
9342440
9343102
9344233
9344646
9344967
9348795
9352741
9354235
9354681
9355481
9356810
9356846
9358006
9358601
9358641
9359873
9361750
9363079
9363117
9363590
9366276
9366588
9367969
9368666
9368992
9369895
9370195
9370920
9371752
9371782
9372169
9372465
9373926
9376702
9376720
9376748
9379242
9379605
9380207
9380481
9381080
9382403
9382862
9383885
9383970
9385159
9387411
9387623
9390249
9391298
9392018
9392447
9392561
9395056
9395162
9395207
9395998
9396209
9396254
9397980
9399327
9400052
9402174
9402573
9403982
9404529
9404936
9405670
9406415
9408208
9408416
9408487
9410249
9410701
9413876
9414081
9416177
9419826
9419863
9420586
9422351
9423827
9424917
9427908
9428486
9431110
9432172
9435030
9439356
9442349
9442991
9444000
9446160
9449446
9453154
9455019
9456393
9457911
9461587
9463532
9464124
9465417
9466000
9466959
9467904
9468427
9470979
9475548
9476776
9477659
9481452
9482013
9483418
9484062
9484373
9485256
9485274
9485276
9485279
9486368
9488165
9488423
9488424
9489525
9490188
9491387
9497449
9498670
9499376
9499398
9499433
9503085
9504521
9504553
9507366
9507385
9507435
9507687
9509478
9510049
9510890
9511331
9517339
9518482
9524602
9526337
9526384
9526401
9527197
9527264
9528559
9528561
9528562
9528563
9528565
9528567
9528569
9547246
9547884
9548991
9548992
9548995
9548996
9549000
9549003
9549004
9549288
9549289
9549509
9550788
9551755
9551811
9552822
9552949
9553205
9553266
9553472
9553484
9553506
9555575
9556675
9557713
9559552
9560325
9560533
9560548
9560559
9560571
9560586
9562528
9564934
9565008
9565022
9565081
9565094
9565101
9565113
9565125
9565428
9567139
9567526
9568651
9569350
9569906
9569913
9572355
9572358
9572364
9572366
9572369
9573789
9575642
9579574
9581587
9583408
9583417
9584956
9590067
9599631
9600339
9602513
9603955
9605972
9607621
9608142
9609415
9610395
9612069
9613484
9614609
9615542
9618762
9619658
9621333
9624206
9626353
9627601
9627667
9628098
9629494
9629869
9634219
9636209
9637143
9638006
9638059
9639450
9640322
9643825
9645203
9645656
9646181
9647778
9647824
9649342
9651333
9651464
9653972
9654399
9658752
9665939
9667688
9668109
9669678
9671002
9675615
9677417
9677828
9678088
9682424
9683540
9686089
9686853
9698534
9698563
9701248
9701569
9707084
9709127
9711510
9711602
9714009
9714016
9715512
9720702
9724563
9727166
9727594
9734837
9737486
9744387
9747196
9751428
9751604
9757706
9759196
9761036
9762103
9769800
9776704
9776712
9776715
9776718
9776722
9776724
9785587
9789627
9789635
9790305
9792556
9798624
9798633
9801030
9801705
9804202
9805211
9807693
9816445
9817216
9819150
9823901
9826098
9827562
9829591
9829865
9830986
9831086
9833406
9834723
9835285
9836202
9836807
9837373
9840927
9842290
9843071
9846583
9847173
9848216
9851206
9851985
9853232
9853908
9854578
9855268
9858564
9860677
9862824
9863251
9863603
9863810
9872107
9872376
9872670
9872982
9878241
9878306
9878533
9879121
9883094
9886680
9887019
9893609
9894096
9894546
9898148
9898288
9900362
9901357
9901590
9902575
9906243
9910103
9911267
9911425
9912946
9913745
9913826
9914154
9916168
9918246
9918423
9918650
9919286
9922411
9922473
9922521
9925032
9925423
9925700
9926927
9927601
9927626
9928078
9929669
9933058
9934998
9937104
9937376
9940988
9944536
9947367
9947807
9948317
9953548
9956536
9957915
9959734
9964843
9966346
9967724
9973232
9973405
9973492
9975813
9976037
9977301
9983119
9984311
9985976
9987285
9988382
9988817
9993555
9994364
9994763
9996077
9996080
9996626
9997988
10000985
10002496
10003499
10004387
10008802
10011516
10013376
10013381
10020871
10026251
10027157
10027547
10028492
10029183
10029852
10030427
10031106
10034506
10041848
10044480
10044980
10044985
10044986
10044989
10044992
10044993
10045086
10045596
10045597
10045598
10045599
10045602
10045603
10046686
10046777
10047782
10047818
10047914
10048539
10048738
10049650
10050680
10071447
10074343
10074746
10087171
10087545
10088108
10090227
10090825
10095220
10095222
10095225
10095229
10095230
10097347
10107900
10113968
10115770
10117414
10120173
10121172
10122606
10124699
10129837
10131385
10133627
10133767
10134327
10136673
10136864
10136888
10137444
10139031
10141851
10141856
10141860
10141863
10141866
10141871
10141872
10141873
10141875
10147184
10147351
10148771
10148778
10148810
10148846
10148850
10148855
10148875
10150326
10150344
10150373
10150404
10150408
10150421
10150422
10150423
10150424
10150425
10150522
10152016
10152019
10154591
10157802
10157804
10157805
10157806
10157808
10157809
10157811
10157812
10157814
10157815
10157822
10157823
10157824
10157825
10157826
10162833
10164407
10164408
10164410
10164411
10165833
10165997
10165998
10166000
10166001
10166002
10166014
10166149
10167233
10167235
10168187
10169534
10169827
10170898
10171543
10173042
10173192
10173666
10180692
10183170
10184205
10184214
10184251
10184741
10185527
10188378
10188893
10189480
10190132
10193789
10195545
10196513
10197095
10197225
10197365
10197422
10197579
10197582
10197586
10197587
10197590
10197593
10197595
10197600
10197602
10197604
10197608
10197611
10197626
10197632
10197635
10197641
10197645
10197647
10197654
10197656
10197660
10197665
10197667
10197669
10197671
10197674
10197678
10197680
10197682
10197683
10198182
10198184
10198185
10198187
10198188
10198192
10198194
10198195
10198198
10198200
10198202
10198204
10198205
10198209
10198210
10198212
10198213
10198215
10198288
10201221
10202488
10203015
10203228
10203232
10203798
10204012
10204656
10205351
10207332
10209837
10211762
10211763
10211764
10211766
10211961
10211976
10212436
10212856
10213103
10213121
10213452
10213562
10213717
10214113
10216356
10219046
10221317
10229108
10229566
10230463
10231070
10232009
10234218
10234561
10239373
10239512
10245817
10249360
10249415
10251018
10251687
10251841
10251864
10253011
10253662
10254094
10254754
10254755
10257190
10257719
10257869
10258342
10259121
10259793
10260141
10260995
10261273
10262227
10264014
10264678
10265605
10267754
10268749
10268864
10269021
10269074
10269110
10270179
10270180
10270308
10270674
10272380
10273257
10273264
10273328
10273329
10273330
10273333
10273334
10273402
10274474
10274524
10274525
10274526
10274527
10275184
10276882
10277461
10279182
10279477
10280923
10281140
10282488
10282848
10283420
10283482
10283483
10283515
10284142
10294166
10294167
10294168
10294717
10295061
10295155
10295157
10295347
10295729
10295776
10296955
10296979
10297042
10297439
10297979
10298093
10298961
10299117
10299216
10299818
10299833
10300024
10300025
10300026
10301795
10301881
10301989
10306735
10307228
10307647
10308149
10308315
10308408
10309529
10310509
10311414
10311724
10311940
10312003
10312039
10312047
10312427
10313722
10314268
10315057
10315355
10315428
10315687
10315904
10316279
10317428
10317621
10318073
10319125
10319970
10320263
10321965
10322365
10322627
10322692
10323161
10323304
10323401
10324044
10324699
10324700
10324702
10324703
10324711
10324712
10324713
10325116
10325130
10325194
10325195
10325199
10325200
10325201
10325269
10325270
10325271
10325273
10325286
10325543
10325655
10326230
10326231
10326232
10326233
10326679
10326780
10327886
10327888
10327892
10328075
10328352
10329199
10329617
10329909
10330059
10330366
10330568
10331255
10331264
10331546
10331701
10331703
10331844
10333104
10333200
10333201
10333202
10333206
10333207
10333209
10333210
10333211
10333562
10333994
10334075
10334084
10334085
10334086
10334087
10334089
10334399
10336514
10336530
10336532
10336533
10336534
10336535
10336536
10336750
10336751
10336758
10336761
10336765
10337597
10338313
10338895
10339599
10340259
10340262
10341904
10342754
10343427
10343429
10343431
10343432
10343433
10343434
10343478
10343516
10344018
10344040
10344419
10344433
10344703
10346054
10346976
10347408
10348164
10350538
10351965
10352561
10353439
10354221
10356414
10358425
10359133
10360867
10361923
10362012
10362072
10364024
10364111
10364692
10366732
10367131
10367794
10367920
10367939
10367982
10376608
10388435
10388470
10389002
10390056
10390469
10390505
10391597
10391746
10391795
10392721
10392785
10393865
10394639
10394713
10395052
10395181
10395462
10396396
10396476
10398190
10398402
10399129
10399175
10399448
10399466
10399979
10400303
10403390
10405774
10406180
10406537
10407123
10407573
10407896
10408380
10408455
10409441
10409562
10409906
10410063
10410176
10410451
10411026
10411035
10411122
10411156
10411157
10411579
10411876
10411926
10414358
10418162
10418215
10418682
10419637
10419942
10421110
10421463
10422020
10423465
10424213
10426041
10426303
10428422
10429643
10430680
10431088
10431955
10432058
10432069
10432320
10432445
10433379
10433925
10436845
10438753
10438988
10439076
10439415
10439466
10440597
10441474
10441515
10441744
10441794
10441805
10443816
10443915
10444146
10444219
10444362
10444363
10445133
10446012
10446750
10447463
10450097
10450256
10451641
10451685
10451949
10453729
10454055
10455546
10456093
10456318
10456826
10456978
10457483
10458138
10458487
10458526
10459049
10459089
10459090
10459099
10459628
10459970
10459985
10460108
10460285
10461158
10461218
10461406
10461778
10461883
10462213
10462282
10462609
10463060
10463240
10463794
10463813
10463898
10463911
10464336
10464583
10464713
10464773
10465189
10465502
10465504
10465505
10465507
10465508
10465648
10465654
10465918
10466119
10466512
10467143
10467262
10467410
10468718
10468734
10469732
10470419
10470725
10471210
10471281
10471321
10471480
10471652
10471799
10471846
10472011
10472057
10472736
10473700
10473833
10474426
10474758
10475238
10475441
10476047
10476140
10476269
10476310
10476314
10476648
10476857
10477064
10477096
10477760
10478308
10478456
10478486
10478519
10478611
10478797
10479234
10479507
10479917
10479961
10480390
10480493
10480514
10481013
10481157
10481252
10481381
10482050
10482117
10482323
10482332
10483263
10483288
10483548
10483563
10483817
10483984
10484572
10485449
10485617
10485716
10485777
10485778
10485951
10485974
10486055
10486197
10486208
10487321
10487362
10487749
10487856
10488027
10488627
10488742
10488926
10489043
10489072
10489920
10491393
10493881
10494346
10494772
10495122
10495217
10495398
10495911
10496125
10496670
10496923
10497050
10497300
10497333
10497559
10497560
10498794
10500015
10500533
10501090
10501130
10501602
10501609
10501965
10502093
10502397
10502589
10503342
10503401
10503416
10503435
10503744
10503753
10504070
10504615
10504649
10504749
10504757
10505020
10505311
10505496
10505645
10506145
10506326
10506339
10506517
10506929
10507554
10507708
10507728
10507873
10508025
10508121
10508381
10508596
10508604
10508629
10508645
10508715
10508767
10508881
10508908
10509355
10509395
10509533
10509536
10509537
10509538
10509619
10509620
10509621
10509622
10509624
10509625
10509626
10509627
10509730
10509751
10509767
10509809
10510170
10510202
10510319
10510497
10510726
10510873
10510987
10510997
10511084
10511156
10511160
10511285
10511430
10511460
10511505
10511520
10511527
10511564
10511570
10511584
10511590
10511733
10511790
10511808
10511865
10511912
10511943
10512032
10512043
10512049
10512059
10512101
10512108
10512118
10512167
10512192
10512252
10512336
10512783
10512888
10512900
10512962
10513095
10513294
10513299
10513364
10513392
10513436
10513472
10513527
10513533
10513698
10513774
10513781
10513824
10513830
10513847
10514101
10514228
10514518
10514944
10515140
10515260
10515301
10515580
10515652
10515787
10516047
10516152
10516554
10516635
10516689
10516839
10516945
10517653
10517659
10517908
10518326
10518381
10518418
10518464
10518473
10518533
10518538
10518587
10518740
10518807
10518872
10519147
10519308
10519333
10519402
10519549
10519617
10520072
10520167
10520182
10520209
10520444
10520571
10520638
10520702
10520717
10520743
10520911
10520950
10520968
10520971
10520998
10521112
10521392
10521443
10521647
10521834
10521838
10521884
10522014
10522021
10522123
10522137
10522239
10522241
10522290
10522309
10522329
10522340
10522490
10522571
10522635
10522693
10522732
10522743
10523171
10523173
10523174
10523197
10523204
10523623
10523652
10523786
10523879
10524023
10524067
10524363
10524370
10524381
10524412
10524419
10524428
10524446
10524448
10524508
10524509
10524618
10525266
10525267
10525401
10525643
10525708
10525953
10526078
10526127
10526134
10526149
10526194
10526349
10526460
10526487
10526520
10526573
10526871
10527291
10527780
10527893
10528181
10528246
10528324
10528541
10528549
10528550
10528551
10528552
10528554
10528770
10528776
10528778
10528791
10528843
10528937
10529002
10529153
10529162
10529228
10529317
10529364
10529457
10529640
10529858
10530117
10530157
10530678
10530783
10530881
10530986
10531116
10531306
10531563
10531590
10531703
10531769
10531892
10532034
10532083
10532731
10533034
10533187
10533310
10533401
10533473
10533507
10533566
10533626
10533997
10534764
10534993
10535211
10535264
10535277
10535291
10535418
10535748
10535881
10535927
10536079
10536087
10536235
10536635
10536901
10537010
10537953
10538169
10538187
10538318
10538365
10538431
10538573
10538688
10539058
10539394
10539415
10539427
10539508
10539625
10539663
10539768
10539925
10540066
10540172
10540256
10540381
10540431
10540813
10540821
10540998
10541009
10541038
10541080
10541106
10541111
10541235
10541275
10541384
10541654
10541758
10541777
10541791
10541931
10542012
10542338
10542384
10542595
10542742
10542779
10543440
10543723
10543759
10544056
10544186
10544376
10544475
10544598
10544699
10544779
10545838
10546295
10546944
10546948
10547316
10548035
10549130
10550164
10550400
10550408
10550426
10550442
10551266
10551864
10551879
10552207
10552373
10552880
10553336
10553468
10553807
10553918
10554099
10554148
10554526
10554750
10554766
10554872
10554897
10555455
10555541
10555810
10555895
10556017
10556549
10556602
10556614
10556726
10556900
10557153
10557259
10557816
10557840
10558084
10558271
10558378
10558603
10558944
10558982
10559395
10559639
10560705
10560917
10561454
10561473
10561506
10561958
10562481
10562885
10563036
10563312
10563393
10563635
10563787
10564134
10564225
10564806
10564832
10564942
10564959
10565270
10565289
10565427
10565987
10566068
10566291
10566294
10566335
10566349
10566522
10566921
10567533
10567764
10567883
10568087
10568206
10569486
10570541
10570695
10570733
10570832
10570950
10571162
10571341
10571522
10571665
10571717
10571757
10571904
10572042
10572192
10572444
10572492
10572609
10572662
10572810
10572984
10573101
10573129
10573132
10573140
10573396
10573646
10573895
10574736
10574808
10574824
10574979
10575482
10575498
10575898
10576152
10576797
10576800
10577371
10577451
10577475
10577564
10578382
10578412
10578443
10578499
10578728
10578750
10578858
10578895
10578912
10579086
10579182
10579261
10579264
10579297
10579493
10579525
10580311
10580436
10580447
10580708
10580792
10581021
10581076
10581440
10581494
10582124
10582670
10582674
10582802
10582971
10584237
10584287
10584336
10584383
10584740
10585024
10585069
10585071
10585077
10585083
10585086
10585089
10585155
10586656
10586716
10587183
10587253
10587315
10587573
10587776
10588001
10588033
10588266
10588744
10588849
10589175
10589197
10589202
10589268
10589315
10589564
10589669
10589857
10590086
10590191
10590195
10590465
10590624
10590906
10591000
10591166
10591348
10591611
10592213
10592234
10592279
10592608
10593108
10593297
10593318
10593498
10593562
10593760
10594275
10594408
10594513
10594526
10594730
10594826
10594834
10594844
10594850
10594868
10594995
10595070
10595086
10595101
10595113
10595121
10595129
10595223
10595352
10595395
10595628
10596047
10596673
10596793
10596848
10596864
10596968
10597228
10597296
10597310
10597935
10598053
10598353
10598797
10599166
10599576
10599584
10599589
10599592
10599779
10599991
10600350
10600512
10600527
10600562
10600752
10600865
10600880
10601199
10601308
10601515
10601750
10601974
10602123
10602177
10602180
10602195
10602221
10602365
10602369
10602376
10602380
10602384
10602390
10602395
10602619
10602815
10602887
10603110
10603570
10603792
10603876
10604077
10604112
10604251
10604261
10604274
10604285
10604296
10604301
10604316
10604353
10604369
10604374
10604380
10604393
10604398
10604424
10604473
10604720
10604745
10605694
10605709
10605917
10606100
10606169
10606220
10606502
10606642
10606657
10607069
10607088
10607126
10607394
10607451
10607660
10607768
10607775
10607854
10608063
10608109
10608110
10608254
10608384
10608610
10608615
10608634
10608658
10608661
10609109
10609171
10609269
10609550
10609747
10609911
10610051
10610281
10610289
10610405
10610525
10610669
10610673
10610953
10611033
10611164
10611169
10611193
10611202
10611495
10611505
10611511
10611729
10611970
10611985
10612026
10612056
10612077
10612095
10612108
10612230
10612327
10612344
10612387
10612404
10612410
10612415
10612418
10612424
10612427
10612433
10612435
10612438
10612442
10612449
10612455
10612458
10612467
10612840
10612858
10612874
10612888
10612906
10612907
10613041
10613181
10613192
10613211
10613219
10613262
10613290
10613327
10613384
10613410
10613488
10613562
10613669
10613860
10613987
10614008
10614284
10614423
10614439
10614692
10614697
10614753
10615046
10615379
10615437
10615438
10615546
10615572
10615844
10615978
10616088
10616298
10616719
10616870
10617092
10617357
10617542
10617545
10617714
10617940
10618076
10618079
10618234
10618401
10618504
10618549
10618587
10618787
10618897
10618928
10619133
10619212
10619270
10619357
10619528
10619689
10619851
10619891
10620105
10620295
10620460
10620575
10620711
10620968
10621567
10621826
10621880
10622055
10622234
10622345
10622484
10622526
10622648
10622770
10623069
10623250
10623289
10623710
10624030
10624157
10624172
10624398
10624601
10624831
10625325
10625373
10625502
10625711
10626454
10626456
10626543
10626821
10627143
10627186
10627328
10627418
10627523
10627650
10627665
10627729
10627840
10628330
10628358
10628368
10628439
10628617
10628650
10628655
10628848
10629162
10629439
10629909
10630041
10630112
10630163
10631111
10631255
10631327
10631338
10631339
10631474
10631563
10631819
10631946
10632255
10633045
10633047
10633052
10633053
10633312
10633514
10633636
10633752
10633939
10633963
10634308
10634447
10634534
10634716
10635784
10635831
10635838
10635844
10635856
10635872
10635873
10635877
10635879
10635888
10635891
10635898
10635902
10635909
10635959
10635974
10636165
10636292
10636318
10636409
10636411
10636551
10636714
10636817
10636872
10636936
10636949
10636960
10636969
10637003
10637418
10637527
10637529
10637531
10637532
10637533
10637534
10637549
10637615
10637776
10638400
10638517
10638520
10638522
10638525
10638526
10638639
10638672
10638674
10638679
10638680
10638682
10638753
10638894
10639002
10639008
10639078
10639369
10639371
10639375
10639380
10639384
10639386
10639456
10639629
10639631
10639635
10639636
10639637
10639640
10640365
10640379
10640412
10640423
10640824
10640827
10640831
10640836
10640839
10640895
10640916
10640976
10641033
10641036
10641039
10641073
10641101
10641390
10641395
10641469
10641490
10641492
10641497
10641498
10641502
10641504
10641506
10641510
10641511
10641517
10641518
10641525
10641535
10641541
10641548
10641555
10641565
10641575
10641582
10641589
10641611
10641617
10641619
10641625
10641626
10641632
10641636
10641643
10641646
10641649
10641650
10641657
10641664
10641668
10641709
10641845
10641930
10642023
10642182
10642185
10642191
10642197
10642235
10642343
10642349
10642541
10642993
10643053
10643057
10643079
10643082
10643155
10643183
10643190
10643191
10643200
10643209
10643380
10643415
10643544
10643566
10643812
10643917
10644056
10644129
10644172
10644251
10644274
10644332
10644335
10644408
10644603
10644624
10644683
10644709
10644732
10644793
10644871
10644874
10644938
10645074
10645083
10645213
10645214
10645281
10645448
10645505
10645574
10645575
10645593
10645669
10645696
10645759
10645848
10645864
10646032
10646042
10646067
10646092
10646104
10646235
10646280
10646354
10646424
10646502
10646503
10646533
10646670
10646689
10646957
10646963
10647066
10647089
10647144
10647193
10647252
10647361
10647452
10647531
10647624
10647705
10647722
10647858
10648027
10648037
10648157
10648286
10648447
10648779
10648838
10648974
10648988
10648994
10649021
10649208
10649293
10649446
10649555
10649757
10649926
10649998
10650047
10650143
10650350
10650386
10650441
10650482
10650571
10650768
10650895
10651019
10651076
10651078
10651166
10651280
10651330
10651353
10651535
10651539
10651618
10651752
10651806
10651831
10651857
10651918
10651977
10651981
10652044
10652060
10652251
10652277
10652312
10652349
10652359
10652384
10652412
10652488
10652538
10652601
10652677
10652734
10652849
10652863
10652950
10652975
10653009
10653021
10653040
10653053
10653086
10653100
10653286
10653299
10653335
10653567
10653607
10653636
10653640
10653693
10653705
10653717
10653732
10653741
10653754
10653769
10653787
10653946
10654016
10654040
10654046
10654066
10654085
10654105
10654122
10654124
10654189
10654235
10654279
10654321
10654347
10654424
10654484
10654505
10654514
10654526
10654544
10654569
10654578
10654597
10654604
10654629
10654653
10654679
10655170
10655241
10655335
10655363
10655384
10655437
10655500
10655594
10655614
10655769
10655823
10655867
10655941
10656035
10656113
10656182
10656188
10656399
10656580
10656593
10656618
10656634
10656653
10656713
10656976
10657068
10657138
10657154
10657194
10657330
10657383
10657384
10657387
10657481
10657633
10657929
10658112
10658156
10658192
10658222
10658288
10658394
10658533
10658649
10658811
10658986
10659234
10659247
10659259
10659267
10659281
10659297
10659322
10659447
10659498
10659519
10659671
10659722
10659787
10659801
10659804
10659859
10659879
10659936
10659962
10659987
10660038
10660045
10660062
10660091
10660113
10660136
10660160
10660235
10660436
10660594
10660614
10660618
10660659
10660661
10660688
10660727
10660776
10660865
10660925
10660982
10661041
10661050
10661056
10661100
10661109
10661145
10661186
10661193
10661249
10661259
10661304
10661342
10661431
10661466
10661476
10661480
10661516
10661619
10661689
10661759
10661806
10661821
10661850
10661863
10661911
10661944
10662055
10662101
10662142
10662381
10662406
10662471
10662486
10662500
10662522
10662539
10662577
10662583
10662597
10662639
10662655
10662659
10662720
10662781
10662811
10662842
10662851
10662852
10662873
10662886
10662919
10662936
10663002
10663013
10663080
10663125
10663226
10663275
10663432
10663446
10663467
10663496
10663542
10663594
10663608
10663612
10663621
10663656
10663692
10663723
10663747
10663945
10664016
10664113
10664149
10664165
10664188
10664201
10664211
10664215
10664244
10664260
10664566
10664581
10664593
10664601
10664607
10664615
10664748
10664881
10664911
10664981
10665180
10665408
10665430
10665473
10665492
10665509
10665533
10665581
10665589
10665627
10665629
10665661
10665674
10665707
10665743
10665767
10665802
10665879
10665970
10665984
10666042
10666086
10666124
10666157
10666259
10666329
10666408
10666466
10666555
10666585
10666609
10666641
10666649
10666690
10666756
10666916
10666917
10666949
10666972
10666994
10667060
10667104
10667159
10667208
10667281
10667327
10667345
10667374
10667405
10667705
10667811
10667902
10667903
10667966
10667980
10668097
10668170
10668314
10668317
10668374
10668541
10668615
10668645
10668664
10668693
10668700
10668704
10668748
10668760
10668775
10668816
10668833
10668842
10668920
10668932
10668958
10669015
10669028
10669072
10669081
10669099
10669122
10669221
10669413
10669451
10669467
10669483
10669495
10669522
10669542
10669593
10669597
10669599
10669601
10669641
10669647
10669673
10669697
10669740
10669761
10669772
10669787
10669804
10669825
10669857
10669915
10669945
10669962
10669993
10670054
10670057
10670115
10670650
10670659
10670717
10670761
10670773
10670811
10670812
10670833
10670852
10670865
10670884
10670889
10670904
10671062
10671142
10671210
10671516
10671581
10671602
10671670
10671685
10671690
10671699
10671738
10671821
10671829
10671847
10671871
10671941
10672002
10672085
10672204
10672234
10672249
10672252
10672277
10672316
10672354
10672398
10672403
10672763
10672915
10672997
10673099
10673118
10673199
10673214
10673304
10673364
10673554
10673603
10673646
10673740
10673866
10673921
10674016
10674019
10674072
10674115
10674123
10674170
10674186
10674312
10674353
10674441
10674605
10674624
10674636
10674648
10674821
10674840
10674963
10674985
10674990
10675008
10675010
10675030
10675066
10675068
10675082
10675096
10675136
10675145
10675158
10675168
10675190
10675202
10675207
10675223
10675287
10675341
10675353
10675502
10676029
10676073
10676114
10676154
10676173
10676190
10676232
10676246
10676274
10676317
10676366
10676479
10676534
10676543
10676603
10676645
10676666
10676700
10676726
10676763
10676769
10676804
10676832
10676836
10676882
10676901
10676940
10676985
10677034
10677098
10677125
10677202
10677272
10677291
10677323
10677358
10678084
10678391
10678612
10678649
10678662
10678671
10678674
10678709
10678722
10678765
10678815
10678839
10678872
10678902
10678947
10678961
10679390
10679405
10679425
10679434
10679446
10679455
10679479
10679564
10679567
10679605
10679642
10679654
10679703
10679740
10679822
10679849
10679876
10680115
10680180
10680209
10680240
10680271
10680297
10680298
10680334
10680352
10680389
10680408
10680814
10680865
10680905
10680962
10681440
10681647
10681652
10681706
10681802
10681845
10681860
10681903
10681947
10682250
10682415
10682489
10682522
10682524
10682532
10682578
10682597
10682615
10682630
10682749
10682899
10683031
10683068
10683081
10683091
10683133
10683170
10683209
10683246
10683249
10683263
10683287
10683293
10683640
10684426
10684527
10684600
10684660
10684722
10684728
10684800
10684819
10684890
10684894
10684988
10685077
10685097
10685185
10685249
10685330
10686368
10686750
10686929
10686990
10687226
10687555
10687756
10687758
10687883
10687963
10688115
10688158
10688213
10688252
10688264
10688385
10688500
10688561
10688604
10688628
10688657
10688662
10688717
10688750
10688770
10688823
10689083
10689134
10689199
10689253
10689431
10689517
10689538
10689610
10689740
10690614
10691437
10691617
10691748
10692111
10692415
10692438
10692775
10692994
10693241
10693310
10693463
10693522
10693617
10693817
10693921
10694116
10694121
10694139
10694141
10694837
10694868
10694948
10695006
10695129
10695149
10695609
10696029
10696115
10696193
10696542
10696857
10697119
10697125
10698286
10698427
10698922
10699026
10699069
10699106
10699771
10699989
10700049
10700142
10700202
10700366
10700385
10700552
10701414
10701750
10701811
10702547
10702578
10702698
10702756
10702862
10703470
10703626
10703974
10704015
10704298
10704411
10704628
10704849
10705377
10705446
10705506
10705508
10705512
10705595
10705603
10705630
10705635
10705704
10705746
10705858
10706028
10706129
10706132
10706257
10706289
10706303
10706450
10706624
10706728
10706729
10706730
10706731
10706754
10706781
10706942
10707330
10707406
10707719
10707874
10708159
10708194
10708558
10708611
10708715
10708832
10708921
10708979
10708989
10709142
10709384
10709618
10709705
10709804
10709946
10710018
10710023
10710061
10710062
10710064
10710067
10710070
10710244
10710682
10710715
10710724
10710753
10710778
10711038
10711045
10711380
10711456
10711458
10711459
10711462
10711463
10711464
10711466
10711468
10711469
10711471
10711473
10711478
10711479
10711483
10711484
10711487
10711639
10711896
10712199
10712493
10712999
10713039
10713040
10713041
10713042
10713080
10713131
10713174
10713277
10713278
10713280
10713284
10713408
10713599
10713749
10713885
10714255
10714256
10714766
10714775
10714874
10714875
10714876
10714895
10715118
10715437
10715528
10715570
10715650
10715851
10715861
10715868
10715950
10715974
10716337
10716338
10716345
10716847
10716897
10716922
10716926
10717061
10717148
10717503
10717601
10718002
10718004
10719017
10719253
10719596
10719715
10719716
10719718
10719721
10719724
10720156
10720178
10720341
10720596
10720622
10720720
10720838
10720873
10721221
10721266
10721277
10721317
10721508
10721558
10721628
10721724
10721942
10722076
10722178
10722196
10722212
10722231
10722436
10722441
10722504
10722515
10722597
10722598
10722599
10722601
10722636
10722668
10722712
10722829
10722836
10722858
10722994
10723030
10723168
10723218
10723246
10723275
10723424
10723509
10723514
10723722
10723752
10723854
10723890
10723974
10724029
10724031
10724033
10724034
10724037
10724147
10724152
10724162
10724197
10724199
10724200
10724201
10724221
10724295
10724340
10724514
10724664
10724668
10724717
10724732
10725219
10725310
10725311
10725521
10725675
10725706
10725723
10725844
10725990
10726071
10726516
10726669
10726737
10726889
10727039
10727056
10727079
10727241
10727421
10727478
10727519
10727525
10727553
10727564
10727571
10727773
10727776
10727898
10727937
10728034
10728318
10728467
10728572
10728881
10729035
10729087
10729208
10729315
10729365
10729367
10729388
10729418
10729517
10729594
10729595
10729613
10729632
10729646
10729733
10729763
10729765
10729822
10730013
10730028
10730105
10730113
10730120
10730123
10730135
10730148
10730267
10730275
10730603
10730700
10730728
10730807
10730808
10730809
10730810
10730811
10730812
10730886
10730897
10730911
10730931
10730941
10730961
10730999
10731095
10731103
10731298
10731322
10731345
10731577
10731580
10731602
10731735
10731749
10732195
10732239
10732240
10732250
10732303
10732320
10732361
10732378
10732464
10732597
10732732
10732923
10733046
10733096
10733238
10733308
10733558
10733562
10733599
10733635
10733671
10733699
10733755
10733792
10734131
10734139
10734258
10734472
10734653
10734728
10734795
10734871
10734982
10735085
10735094
10735095
10735096
10735097
10735099
10735478
10735527
10735709
10735739
10735740
10735741
10735742
10735827
10735891
10735939
10735987
10735998
10736013
10736033
10736086
10736088
10736154
10736171
10736219
10736264
10736286
10736365
10736389
10736639
10736703
10736737
10736743
10736754
10736779
10737129
10737134
10737173
10737192
10737222
10737239
10737315
10737727
10737738
10737746
10737895
10738150
10738173
10738267
10738447
10738450
10738454
10738742
10738865
10738897
10738951
10738998
10739013
10739041
10739042
10739045
10739047
10739048
10739051
10739058
10739314
10739339
10739340
10739341
10739383
10739416
10739418
10739419
10739420
10739421
10739422
10739488
10739515
10739524
10739747
10739748
10739783
10739784
10739839
10739898
10740023
10740047
10740468
10740501
10740534
10740554
10740595
10740636
10740687
10740710
10740741
10741003
10741049
10741080
10741109
10741112
10741121
10741171
10741198
10741208
10741318
10741461
10741526
10741528
10741535
10741536
10741538
10741539
10741540
10741541
10741543
10741544
10741545
10741546
10741547
10741565
10741696
10742141
10742179
10742271
10742284
10742445
10742470
10742923
10742924
10742926
10742927
10742928
10742940
10742942
10743030
10743031
10743032
10743033
10743035
10743036
10743052
10743135
10743160
10743189
10743330
10743416
10743417
10743418
10743420
10743422
10743423
10743424
10743426
10743452
10743456
10743509
10743550
10743910
10744219
10744310
10744313
10744365
10744493
10744509
10744622
10744712
10744713
10744722
10744726
10744813
10744817
10744825
10744826
10744827
10744830
10744831
10744832
10744834
10744836
10744838
10744840
10744841
10744842
10744843
10744846
10744848
10744894
10745041
10745139
10745142
10745157
10745175
10745286
10745333
10745347
10745365
10745374
10745376
10745377
10745379
10745380
10745381
10745390
10745411
10745420
10745436
10745464
10745465
10745466
10745467
10745468
10745469
10745470
10745488
10745489
10745490
10745492
10745493
10745509
10745511
10745512
10745532
10745535
10745536
10745537
10745787
10745809
10745831
10745847
10745938
10746040
10746053
10746204
10746205
10746213
10746282
10746285
10746286
10746287
10746288
10746289
10746314
10746352
10746858
10746996
10747066
10747167
10747200
10747263
10747265
10747266
10747268
10747269
10747275
10747277
10747278
10747279
10747281
10747282
10747291
10747299
10747324
10747325
10747326
10747329
10747333
10747455
10747530
10747574
10747615
10747665
10747964
10748018
10748019
10748020
10748111
10748412
10748516
10748561
10748572
10748610
10748937
10750645
10755396
10755409
10755420
10760569
10771983
10772804
10794946
10795975
10796005
10796024
10796036
10796042
10796750
10804270
10820829
10869185
10873408
10873622
10873696
10873697
10873716
10873791
10873794
10873825
10873921
10873962
10873986
10874301
10874319
10874402
10874431
10874514
10874618
10874819
10874871
10874974
10875024
10875029
10875234
10875422
10875489
10875494
10875507
10875652
10875665
10875786
10875852
10875873
10875917
10875956
10876173
10876281
10876458
10876802
10876807
10876900
10876958
10877092
10877124
10877139
10877189
10877214
10877387
10877456
10877542
10877848
10877946
10878055
10878061
10878224
10878287
10878352
10878354
10878355
10878501
10878764
10878854
10878857
10879398
10879522
10879830
10880955
10881023
10881065
10881068
10881070
10881145
10881148
10881532
10881667
10881690
10881699
10881720
10881748
10881811
10882096
10882116
10882126
10882166
10882269
10882308
10882526
10882601
10882608
10882818
10882901
10882902
10883127
10883129
10883247
10883415
10883446
10883451
10883455
10883458
10883459
10883465
10883533
10883543
10883568
10883573
10883588
10883720
10883792
10883858
10884063
10884113
10884170
10884171
10884173
10884176
10884207
10884208
10884213
10884223
10884252
10884254
10884255
10884259
10884286
10884409
10884410
10884597
10884604
10884605
10884742
10884751
10884752
10884753
10884754
10884755
10884756
10884785
10884947
10885195
10885297
10885415
10885511
10885554
10885930
10885968
10885984
10886015
10886035
10886096
10886097
10886098
10886099
10886100
10886101
10886102
10886103
10886104
10886105
10886122
10886128
10886149
10886151
10886152
10886153
10886155
10886321
10886513
10886514
10886515
10886541
10886542
10886544
10886564
10886565
10886566
10886567
10886590
10886594
10886595
10886603
10886605
10886606
10886607
10886610
10886611
10886612
10886613
10886614
10886622
10886623
10886625
10886642
10886678
10886724
10886726
10886772
10887194
10887317
10887322
10887474
10887497
10887641
10887650
10887684
10887757
10887762
10887787
10887791
10887820
10887827
10887848
10887852
10887948
10887972
10887973
10887974
10887975
10888067
10888167
10888168
10888169
10888170
10888171
10888188
10888189
10888190
10888202
10888220
10888255
10888256
10888257
10888258
10888259
10888260
10888338
10888340
10888346
10888622
10888623
10888624
10888625
10888626
10888640
10888713
10888732
10888745
10888760
10888795
10888859
10888915
10888924
10888925
10888926
10888946
10888947
10888948
10888949
10889056
10889061
10889138
10889544
10889545
10889546
10889547
10889553
10889610
10889611
10889612
10889639
10889660
10889678
10889694
10889695
10889698
10889730
10890031
10890072
10890096
10890097
10890143
10890164
10890165
10890166
10890167
10890168
10890169
10890170
10890177
10890178
10890179
10890204
10890206
10890213
10890214
10890215
10890217
10890225
10890230
10890231
10890232
10890233
10890234
10890235
10890255
10890256
10890274
10890275
10890276
10890279
10890334
10890425
10890450
10890478
10890492
10890525
10890527
10890533
10890584
10890585
10890586
10890587
10890588
10890589
10890590
10890591
10890592
10890593
10890594
10890595
10890598
10890599
10890600
10890604
10890605
10890606
10890607
10890618
10890619
10890620
10890621
10890622
10890623
10890625
10890626
10890628
10890630
10890632
10890634
10890635
10890671
10890674
10890687
10890714
10890731
10890735
10890771
10890772
10890774
10890792
10890814
10890827
10890828
10890830
10890831
10890851
10890859
10890863
10890910
10890911
10890936
10890937
10890951
10890953
10890960
10890962
10890985
10890986
10890987
10890992
10890997
10891001
10891009
10891010
10891015
10891016
10891017
10891018
10891019
10891020
10891023
10891043
10891086
10891087
10891088
10891089
10891090
10891091
10891092
10891116
10891211
10891266
10891312
10891314
10891323
10891326
10891327
10891390
10891399
10891459
10891620
10891622
10891738
10891751
10891752
10891753
10891754
10891755
10891756
10891776
10891778
10891780
10891781
10891782
10891783
10891784
10891785
10891790
10891792
10891793
10891795
10891796
10891798
10891799
10891866
10891868
10891872
10891873
10891874
10891875
10891891
10891937
10891946
10891947
10892014
10892109
10892202
10892232
10892334
10892335
10892339
10892340
10892345
10892351
10892381
10892382
10892383
10892384
10892385
10892386
10892421
10892443
10892448
10892472
10892474
10892485
10892509
10892512
10892531
10892619
10892621
10892622
10892626
10892705
10892747
10892780
10892833
10892834
10892835
10892837
10892838
10892844
10892889
10892914
10892956
10893013
10893028
10893031
10893035
10893043
10893045
10893063
10893101
10893129
10893211
10893212
10893269
10893270
10893271
10893275
10893276
10893277
10893278
10893279
10893280
10893309
10893310
10893312
10893314
10893315
10893316
10893317
10893318
10893319
10893320
10893321
10893322
10893323
10893324
10893325
10893326
10893327
10893328
10893339
10893368
10893373
10893411
10893429
10893430
10893436
10893587
10893650
10893666
10893702
10893703
10893704
10893705
10893706
10893718
10893724
10893849
10893859
10893868
10893968
10893971
10893973
10893976
10893994
10894074
10894083
10894084
10894110
10894112
10894117
10894221
10894260
10894272
10894420
10894495
10894646
10894880
10894898
10895105
10895106
10895107
10895108
10895109
10895110
10895320
10895331
10895364
10895378
10895399
10895434
10895513
10895585
10895631
10895632
10895662
10895696
10895704
10895705
10895709
10895729
10895743
10895744
10895745
10895746
10895747
10895748
10895749
10895750
10895751
10895752
10895753
10895754
10895758
10895774
10895791
10895792
10895799
10895820
10895909
10895926
10895937
10895965
10895985
10895987
10895988
10895989
10895991
10895992
10896023
10896025
10896128
10896149
10896210
10896540
10896555
10896565
10896653
10896786
10896815
10896820
10896823
10896843
10896847
10896885
10897141
10897282
10897283
10897333
10897400
10897419
10897464
10897784
10897790
10897792
10897793
10897977
10898004
10898042
10898126
10898149
10898222
10898252
10898256
10898308
10898309
10898310
10898311
10898336
10898339
10898340
10898341
10898342
10898343
10898344
10898346
10898347
10898348
10898349
10898350
10898351
10898382
10898634
10898699
10898817
10898928
10898975
10899009
10899051
10899274
10899375
10899616
10899703
10899789
10899790
10899792
10900075
10900170
10900277
10900692
10900731
10900758
10900823
10900847
10900898
10900900
10900901
10900902
10900903
10900904
10901473
10901539
10901549
10901729
10901872
10902208
10902427
10903028
10903131
10903249
10903377
10904055
10904158
10904227
10904249
10904261
10904720
10904898
10904984
10904992
10905065
10905135
10905767
10905850
10905864
10905981
10905985
10905997
10906058
10906062
10906224
10906350
10906427
10906575
10906646
10906817
10906858
10906873
10907016
10907067
10907072
10907073
10907126
10907140
10907185
10907218
10907487
10907609
10907620
10907992
10907993
10907994
10907995
10907996
10907997
10908044
10908045
10908285
10908292
10908380
10908400
10908621
10908622
10908725
10908758
10908759
10908760
10908778
10908848
10908857
10908978
10909053
10909065
10909161
10909212
10909296
10909311
10909314
10909367
10909391
10909480
10909814
10909822
10909824
10909827
10909828
10909829
10909830
10909881
10909888
10910032
10910049
10910071
10910086
10910117
10910227
10910257
10910291
10910300
10910335
10910354
10910423
10910489
10910490
10910584
10910615
10910625
10910627
10910641
10910656
10910693
10910953
10910992
10911015
10911023
10911049
10911067
10911090
10911091
10911104
10911108
10911121
10911135
10911136
10911172
10911220
10911228
10911230
10911244
10911256
10911264
10911269
10911281
10911316
10911417
10911418
10911419
10911420
10911421
10911422
10911423
10911424
10911433
10911434
10911438
10911460
10911461
10911462
10911463
10911465
10911466
10911467
10911468
10911473
10911482
10911519
10911521
10911522
10911523
10911524
10911525
10911526
10911527
10911528
10911529
10911530
10911531
10911532
10911533
10911534
10911535
10911536
10911537
10911538
10911539
10911540
10911543
10911549
10911550
10911551
10911639
10911651
10911652
10911665
10911705
10911706
10911711
10911715
10911732
10911736
10911748
10911854
10911891
10911892
10911902
10911925
10911926
10911927
10911928
10911937
10911944
10911985
10912060
10912144
10912172
10912182
10912226
10912268
10912283
10912286
10912295
10912316
10912405
10912407
10912409
10912422
10912435
10912515
10912556
10912603
10912611
10912620
10912621
10912623
10912625
10912638
10912639
10912652
10912672
10912682
10912689
10912693
10912702
10912703
10912722
10912736
10912737
10912739
10912748
10912779
10912789
10912797
10912813
10912846
10912858
10912859
10912875
10912886
10913074
10913078
10913084
10913088
10913103
10913110
10913126
10913131
10913132
10913134
10913137
10913141
10913223
10913225
10913244
10913245
10913261
10913309
10913315
10913318
10913336
10913344
10913360
10913364
10913366
10913368
10913378
10913393
10913397
10913414
10913423
10913424
10913461
10913465
10913476
10913477
10913484
10913486
10913488
10913545
10913549
10913550
10913560
10913564
10913588
10913589
10913596
10913607
10913608
10913614
10913615
10913618
10913619
10913637
10913706
10913722
10913724
10913729
10913732
10913739
10913741
10913762
10913766
10913777
10913792
10913798
10913804
10913805
10913815
10913825
10913832
10913838
10913854
10913899
10913906
10913917
10913930
10913939
10913954
10913969
10913980
10913981
10913990
10913994
10914012
10914021
10914076
10914080
10914098
10914123
10914152
10914171
10914187
10914193
10914203
10914205
10914217
10914243
10914246
10914248
10914258
10914293
10914297
10914301
10914305
10914314
10914333
10914346
10914347
10914350
10914385
10914408
10914417
10914469
10914483
10914527
10914556
10914564
10914675
10914683
10914686
10914847
10914862
10914864
10914881
10914916
10914930
10914963
10914970
10914986
10915005
10915014
10915021
10915028
10915056
10915073
10915079
10915081
10915092
10915094
10915122
10915127
10915133
10915147
10915156
10915172
10915176
10915179
10915184
10915187
10915195
10915196
10915216
10915235
10915247
10915265
10915280
10915283
10915325
10915334
10915339
10915369
10915370
10915377
10915378
10915379
10915518
10915523
10915524
10915529
10915531
10915533
10915536
10915549
10915550
10915553
10915558
10915563
10915586
10915616
10915622
10915624
10915638
10915724
10915747
10915753
10915767
10915782
10915784
10915820
10915824
10915842
10915843
10915848
10915863
10915920
10916009
10916027
10916037
10916039
10916040
10916042
10916045
10916064
10916079
10916097
10916098
10916100
10916112
10916209
10916226
10916228
10916260
10916301
10916306
10916309
10916331
10916345
10916349
10916361
10916372
10916445
10916458
10916461
10916467
10916488
10916518
10916520
10916561
10916569
10916577
10916578
10916586
10916604
10916612
10916613
10916633
10916638
10916656
10916658
10916659
10916677
10916687
10916694
10916697
10916700
10916705
10916712
10916715
10916726
10916751
10916782
10916786
10916790
10916821
10916826
10916847
10916890
10916897
10916898
10916899
10916919
10916923
10916924
10916931
10916939
10916955
10916970
10917021
10917037
10917042
10917050
10917059
10917134
10917141
10917163
10917166
10917195
10917196
10917199
10917202
10917203
10917242
10917244
10917257
10917265
10917272
10917283
10917308
10917354
10917369
10917372
10917376
10917396
10917427
10917429
10917431
10917440
10917446
10917448
10917452
10917468
10917469
10917476
10917485
10917487
10917492
10917494
10917498
10917518
10917524
10917538
10917548
10917557
10917596
10917598
10917607
10917608
10917616
10917617
10917628
10917631
10917637
10917643
10917662
10917685
10917691
10917694
10917714
10917715
10917716
10917741
10917742
10917743
10917760
10917780
10917788
10917808
10917809
10917813
10917819
10917820
10917821
10917860
10917904
10917925
10917937
10917970
10918030
10918034
10918077
10918085
10918119
10918135
10918142
10918147
10918151
10918169
10918176
10918183
10918288
10918289
10918324
10918364
10918376
10918391
10918446
10918460
10918495
10918516
10918520
10918568
10918630
10918642
10918676
10918680
10918697
10918705
10918728
10918729
10918774
10918776
10918859
10918896
10918927
10919003
10919020
10919179
10919188
10919196
10919379
10919411
10919426
10919459
10919460
10919461
10919462
10919463
10919491
10919493
10919496
10919505
10919526
10919627
10919633
10919640
10919646
10919760
10919776
10919780
10919783
10919784
10919806
10919833
10919875
10919902
10919960
10919961
10919976
10919978
10919980
10920040
10920080
10920084
10920124
10920143
10920309
10920342
10920358
10920395
10920413
10920424
10920514
10920538
10920550
10920771
10920803
10920884
10920936
10920959
10920976
10920977
10920984
10921006
10921007
10921025
10921138
10921157
10921205
10921231
10921273
10921292
10921295
10921342
10921429
10921431
10921433
10921453
10921477
10921524
10921560
10921753
10921814
10921826
10921850
10921872
10921890
10921915
10921924
10921930
10921931
10922017
10922053
10922054
10922062
10922063
10922080
10922081
10922082
10922117
10922134
10922172
10922218
10922225
10922259
10922279
10922307
10922368
10922370
10922377
10922379
10922411
10922413
10922421
10922459
10922461
10922463
10922464
10922465
10922482
10922508
10922544
10922598
10922600
10922712
10922713
10922716
10922721
10922815
10922827
10922915
10922954
10922962
10922978
10922987
10922994
10922996
10923120
10923149
10923224
10923229
10923232
10923244
10923255
10923256
10923277
10923286
10923289
10923306
10923326
10923330
10923371
10923382
10923387
10923391
10923397
10923400
10923414
10923483
10923518
10923532
10923533
10923538
10923586
10923611
10923631
10923641
10923651
10923657
10923664
10923666
10923671
10923682
10923703
10923708
10923711
10923719
10923722
10923728
10923729
10923735
10923743
10923747
10923751
10923754
10923759
10923768
10923808
10923813
10923814
10923824
10923825
10923826
10923841
10923842
10923848
10923849
10923857
10923878
10923883
10923884
10923887
10923934
10923935
10923936
10923945
10923948
10923958
10923972
10923973
10923979
10923980
10923994
10923997
10924014
10924038
10924039
10924041
10924059
10924060
10924072
10924073
10924079
10924080
10924083
10924089
10924091
10924092
10924098
10924100
10924101
10924102
10924106
10924114
10924122
10924125
10924126
10924127
10924130
10924138
10924139
10924148
10924155
10924156
10924163
10924164
10924170
10924179
10924180
10924184
10924190
10924192
10924208
10924211
10924216
10924228
10924243
10924247
10924253
10924254
10924255
10924257
10924258
10924260
10924261
10924266
10924268
10924270
10924271
10924274
10924275
10924277
10924280
10924281
10924283
10924284
10924288
10924291
10924295
10924297
10924309
10924312
10924330
10924332
10924333
10924337
10924340
10924343
10924344
10924346
10924348
10924349
10924350
10924351
10924354
10924355
10924356
10924360
10924361
10924363
10924369
10924409
10924415
10924420
10924421
10924425
10924426
10924428
10924435
10924436
10924437
10924438
10924439
10924441
10924442
10924445
10924449
10924450
10924453
10924456
10924460
10924467
10924471
10924472
10924474
10924475
10924477
10924479
10924482
10924483
10924487
10924488
10924500
10924502
10924503
10924506
10924508
10924512
10924513
10924534
10924536
10924537
10924538
10924539
10924542
10924543
10924548
10924549
10924554
10924557
10924567
10924570
10924571
10924572
10924577
10924582
10924593
10924599
10924601
10924603
10924610
10924613
10924620
10924623
10924709
10924723
10924724
10924726
10924737
10924739
10924754
10924755
10924756
10924757
10924764
10924765
10924811
10924819
10924827
10924828
10924830
10924865
10924871
10924875
10924879
10924885
10924889
10924914
10924921
10924923
10924924
10924927
10924944
10924946
10924947
10924948
10924950
10924954
10924962
10924965
10924968
10925009
10925012
10925018
10925019
10925025
10925027
10925030
10925033
10925038
10925045
10925046
10925047
10925049
10925053
10925054
10925056
10925057
10925062
10925068
10925069
10925071
10925073
10925080
10925083
10925084
10925086
10925088
10925091
10925100
10925106
10925108
10925109
10925110
10925114
10925121
10925124
10925129
10925130
10925134
10925135
10925137
10925139
10925140
10925142
10925144
10925145
10925148
10925151
10925155
10925157
10925162
10925164
10925165
10925167
10925168
10925170
10925172
10925173
10925175
10925180
10925186
10925187
10925188
10925189
10925192
10925193
10925198
10925200
10925205
10925206
10925217
10925230
10925232
10925233
10925236
10925238
10925239
10925240
10925241
10925242
10925243
10925247
10925310
10925315
10925317
10925322
10925329
10925334
10925335
10925342
10925343
10925345
10925354
10925356
10925357
10925361
10925364
10925365
10925379
10925380
10925384
10925396
10925399
10925413
10925418
10925420
10925424
10925437
10925438
10925439
10925440
10925447
10925451
10925453
10925454
10925456
10925457
10925461
10925463
10925474
10925475
10925486
10925487
10925489
10925492
10925493
10925494
10925495
10925497
10925519
10925530
10925534
10925535
10925538
10925540
10925541
10925542
10925546
10925555
10925563
10925567
10925571
10925572
10925580
10925592
10925594
10925599
10925609
10925614
10925615
10925617
10925620
10925625
