AID
103069
104025
112541
155361
212535
243530
245244
245369
297414
300459
316746
340547
341188
358268
377267
401606
415514
436422
447863
473480
484959
510842
531871
642383
664703
666752
681082
757183
771101
822051
888544
900915
909103
950641
990985
1001081
1023271
1043351
1186416
1219581
1226856
1713679
1741811
1823352
1872123
2079939
2091940
2113094
2164119
2177298
2250372
2492015
2507644
2569496
2785384
2813136
2902971
2966369
3024955
3193001
3195241
3212837
3463478
3592082
3602916
3626138
3728828
3782282
3822264
3864773
3906037
3968439
3972161
4174366
4299097
4450281
4554809
4650632
5001349
5061099
5072677
5092543
5094845
5191895
5246996
5286738
5319729
5474405
5568484
5573686
5682462
5684110
5722410
5728404
5730206
5802795
5865906
5898178
5955369
9030606
9038004
9100710
9100751
9100752
9100764
9100804
9107775
9118006
9122626
9199582
9218056
9285864
9285887
9301838
9364775
9387491
9389218
9493736
9515783
9522722
9587186
9592567
9643825
9772717
9804202
9829591
9902575
9920425
9987595
9999670
10087171
10176209
10197827
10207552
10269208
10282343
10282897
10327156
10358479
10385121
10388132
10390454
10440957
10453681
10459546
10460686
10465648
10474369
10476617
10477071
10483519
10488859
10501048
10502397
10503401
10504465
10507312
10507603
10509323
10510881
10511084
10513891
10513925
10516143
10519331
10520491
10521884
10522245
10522359
10522852
10522861
10522922
10524023
10525703
10527822
10528683
10529203
10529786
10530528
10530986
10531044
10533034
10534105
10534727
10535014
10535176
10536416
10540018
10540192
10540200
10542149
10543046
10543230
10543289
10543784
10544567
10544600
10545588
10545784
10546788
10548320
10549044
10549297
10552118
10553243
10554876
10555860
10556260
10556614
10556900
10557816
10557934
10560982
10561454
10562730
10563887
10563963
10566183
10566349
10567911
10572611
10572918
10576791
10576941
10578750
10579801
10580811
10580881
10582202
10582589
10583622
10583933
10584474
10586063
10586134
10586240
10586672
10587295
10587573
10588441
10589776
10590293
10590662
10591000
10592014
10592070
10593059
10593509
10594207
10594319
10594448
10594826
10595764
10596244
10596299
10599606
10600967
10601095
10603290
10604063
10604306
10604360
10604380
10605295
10608260
10608372
10609109
10610308
10612850
10614068
10615357
10615978
10616456
10616715
10618504
10618505
10620121
10621827
10622207
10625863
10627518
10627817
10630190
10630218
10633514
10634153
10636193
10636199
10636203
10636908
10639203
10641041
10642480
10642486
10642499
10644060
10644165
10644953
10645809
10645900
10645930
10645965
10646497
10646637
10646679
10646861
10647045
10647102
10647176
10647337
10647448
10647533
10647554
10647799
10647962
10651839
10657486
10660909
10661583
10661640
10661976
10662464
10662952
10664630
10665014
10665238
10665643
10666131
10668047
10673093
10673156
10673208
10673255
10673299
10676026
10677331
10677696
10678284
10682733
10683207
10683425
10683453
10683724
10683749
10683872
10683972
10684050
10684125
10684212
10684893
10684980
10685049
10685103
10685170
10689469
10689648
10693028
10693076
10693336
10694847
10698608
10699032
10699749
10700198
10700202
10700412
10701008
10701299
10702870
10704536
10704594
10705547
10705737
10711998
10713981
10716252
10716862
10719588
