AID
10619851
10619891
10620105
10620295
10620460
10620575
10620711
10620968
10621567
10621826
10621880
10622055
10622234
10622345
10622526
10622648
10622770
10623069
10623250
10623289
10623710
10624030
10624172
10624398
10624601
10624831
10625325
10625502
10625711
10626454
10626456
10626543
10626821
10627143
10627328
10627418
10627729
10627840
10628330
10628358
10628368
10628439
10628617
10628650
10628655
10628848
10629162
10629439
10629909
10630041
10630112
10630163
10631111
10631255
10631327
10631338
10631339
10631474
10631563
10631819
10631946
10632255
10633045
10633047
10633052
10633053
10633312
10633514
10633636
10633752
10633939
10634447
10634534
10634716
10635784
10635831
10635838
10635844
10635856
10635872
10635873
10635877
10635879
10635888
10635891
10635898
10635902
10635909
10635959
10635974
10636165
10636292
10636409
10636411
10636551
10636714
10636872
10636936
10636949
10636960
10636969
10637527
10637529
10637531
10637532
10637533
10637534
10637776
10638400
10638517
10638520
10638522
10638525
10638526
10638639
10638672
10638674
10638679
10638680
10638682
10638894
10639002
10639008
10639078
10639369
10639371
10639375
10639380
10639384
10639386
10639456
10639629
10639631
10639635
10639636
10639637
10639640
10640365
10640379
10640412
10640423
10640824
10640827
10640831
10640836
10640839
10640895
10640916
10640976
10641033
10641036
10641039
10641073
10641101
10641390
10641395
10641469
10641490
10641492
10641497
10641498
10641502
10641504
10641506
10641510
10641511
10641517
10641518
10641525
10641535
10641541
10641548
10641555
10641565
10641575
10641582
10641589
10641611
10641617
10641619
10641625
10641626
10641632
10641636
10641643
10641646
10641649
10641650
10641657
10641664
10641668
10641709
10641845
10641930
10642023
10642182
10642185
10642191
10642197
10642235
10642343
10642349
10642541
10642993
10643053
10643057
10643079
10643082
10643155
10643183
10643190
10643191
10643200
10643209
10643380
10643415
10643544
10643566
10643812
10643917
10644056
10644129
10644172
10644251
10644274
10644332
10644335
10644408
10644603
10644624
10644683
10644709
10644732
10644793
10644871
10644874
10644938
10645074
10645083
10645213
10645214
10645281
10645448
10645505
10645574
10645575
10645593
10645669
10645696
10645759
10645848
10645864
10646032
10646042
10646067
10646092
10646235
10646280
10646354
10646424
10646502
10646503
10646533
10646670
10646689
10646957
10646963
10647066
10647089
10647144
10647193
10647252
10647361
10647452
10647531
10647624
10647705
10647722
10647858
10648027
10648157
10648286
10648447
10648779
10648838
10648974
10648988
10648994
10649021
10649208
10649293
10649446
10649555
10649757
10649926
10649998
10650047
10650143
10650350
10650386
10650441
10650482
10650571
10650768
10650895
10651019
10651076
10651078
10651166
10651280
10651330
10651353
10651535
10651539
10651618
10651752
10651806
10651831
10651857
10651918
10651977
10651981
10652044
10652060
10652277
10652349
10652359
10652412
10652488
10652538
10652601
10652677
10652734
10652849
10652863
10652950
10652975
10653009
10653040
10653053
10653086
10653100
10653286
10653299
10653335
10653567
10653607
10653640
10653693
10653705
10653717
10653732
10653741
10653754
10653769
10653787
10653946
10654016
10654040
10654046
10654066
10654085
10654105
10654122
10654124
10654189
10654235
10654279
10654321
10654347
10654484
10654505
10654514
10654526
10654544
10654569
10654578
10654597
10654604
10654629
10654653
10654679
10655170
10655241
10655335
10655363
10655384
10655437
10655500
10655594
10655614
10655769
10655823
10655867
10655941
10656035
10656113
10656182
10656188
10656399
10656580
10656593
10656618
10656634
10656653
10656976
10657138
10657194
10657330
10657383
10657384
10657481
10657633
10657929
10658112
10658156
10658192
10658222
10658288
10658394
10658649
10658811
10658986
10659234
10659247
10659259
10659267
10659281
10659297
10659322
10659447
10659498
10659519
10659671
10659722
10659787
10659801
10659804
10659859
10659879
10659936
10659962
10659987
10660038
10660045
10660062
10660091
10660113
10660136
10660160
10660235
10660436
10660594
10660614
10660618
10660659
10660661
10660688
10660727
10660776
10660865
10660925
10660982
10661041
10661050
10661056
10661100
10661109
10661145
10661186
10661193
10661249
10661259
10661304
10661342
10661431
10661476
10661480
10661516
10661619
10661689
10661759
10661806
10661821
10661850
10661863
10661911
10661944
10662055
10662101
10662142
10662381
10662406
10662471
10662486
10662500
10662522
10662539
10662577
10662583
10662597
101443
103819
109719
110290
110805
111611
112014
112116
113362
115392
119013
119936
126311
127952
129292
130727
135470
136875
141418
144750
145089
148592
149343
151095
155361
158258
160799
163724
165320
169902
171561
176575
178430
182003
188237
188840
191846
202303
203917
205169
209861
216912
217704
222863
222971
223428
225681
226794
230475
232894
235525
243656
247959
250567
254023
255801
256109
258875
259918
261398
272165
273869
275813
279547
280570
281291
287871
288389
291508
292741
298206
299157
317558
319934
323070
333910
340547
347382
348446
354501
357135
361601
366577
367654
370550
383562
386538
389741
391090
399590
402616
404648
410183
410401
413815
415514
421842
423215
426606
428666
432615
433077
436304
455585
460540
461043
463376
476528
477751
479055
481439
506073
507221
507582
521080
529030
534977
538670
539051
540064
542522
545979
553453
554226
557250
590599
596684
597978
609714
610751
625188
625498
628068
628347
628989
637484
647858
658628
663030
670694
672465
686822
689439
690632
704769
708470
712844
712914
724288
727517
739336
745069
747613
755559
757636
763082
772126
772546
773442
780210
780317
786614
795987
798082
807375
811668
822452
827203
828572
835969
840222
844302
844365
844410
853832
862105
865655
872429
874980
876541
878282
880204
881161
882449
884370
888005
902104
907646
909103
921079
938152
941397
950009
950441
954157
956069
967812
969119
985246
998088
1005702
1023271
1023596
1025732
1027229
1027681
1062403
1066541
1101274
1104799
1118111
1147575
1151187
1157406
1160667
1165354
1166238
1168710
1175149
1186416
1194159
1216695
1219937
1220102
1226856
1233359
1242028
1245166
1249498
1267408
1275451
1277471
1277823
1281386
1297622
1300386
1302991
1304737
1310503
1317470
1372792
1373489
1387837
1401704
1425207
1440708
1441883
1453011
1458686
1459537
1461344
1467289
1469631
1475986
1477477
1545990
1553147
1556562
1564608
1585585
1592098
1593672
1616859
1619768
1639776
1659617
1662369
1662711
1685936
1687532
1717460
1722568
1728727
1732269
1738320
1759809
1768073
1773458
1807614
1809580
1811607
1830924
1833712
1848406
1856046
1872042
1915344
1920442
10662639
10662655
10662659
10662720
10662781
10662811
10662842
10662851
10662852
10662873
10662886
10662919
10662936
10663002
10663013
10663080
10663125
10663226
10663275
10663432
10663446
10663467
10663496
10663542
10663594
10663608
10663612
10663621
10663656
10663692
10663723
10663747
10663945
10664016
10664113
10664149
10664188
10664201
10664211
10664215
10664244
10664260
10664566
10664581
10664593
10664601
10664607
10664615
10664748
10664881
10664911
10664981
10665180
10665408
10665430
10665492
10665509
10665533
10665581
10665589
10665627
10665629
10665661
10665674
10665707
10665743
10665767
10665802
10665879
10665970
10665984
10666042
10666086
10666124
10666157
10666259
10666329
10666408
10666466
10666555
10666585
10666641
10666649
1962893
1972318
1979501
1984276
2005125
2043671
2064997
2113094
2118023
2118884
2126740
2127475
2129948
2154263
2157405
2160885
2202142
2204287
2262467
2263827
2306693
2319905
2324532
2333146
2365668
2382195
2387828
2416920
2441071
2442991
2446795
2479179
2493185
2558730
2569496
2570293
2591782
2613464
2650427
2665290
2667340
2683978
2693271
2694517
2695365
2723398
2730469
2741593
2743741
2746093
2747782
2750863
2755792
2756287
2759459
2763077
2775685
2785384
2785638
2790953
2813084
2813136
2818341
2820468
2824224
2826063
2832448
2838794
2849226
2850627
2858099
2862120
2863272
2863535
2868555
2872354
2876104
2876327
2915341
2927367
2930496
2930754
2933136
2942856
2943028
2973438
2975682
3004361
3013339
3013711
3024955
3038599
3039275
3040288
3046115
3060418
3062151
3064585
3068015
3071132
3085226
3098026
3098066
3098307
3104287
3107052
3109144
3112350
3112716
3132590
3136320
3137968
3162052
3166407
3172116
3197498
3199364
3200611
3219260
3227874
3228040
3236999
3254210
3275332
3277262
3280739
3289567
3294190
3302725
3315827
3321207
3335033
3354699
3359536
3360542
3367631
3372905
3379637
3383036
3385054
3393929
3396533
3402450
3408450
3409926
3439468
3444261
3448465
3452866
3455152
3466226
3471340
3480858
3489437
3498332
3502249
3524882
3536546
3546383
3548548
3558358
3574968
3581201
3587086
3591311
3592825
3597985
3615920
3622271
3626138
3626351
3639827
3647269
3656041
3658038
3664589
3679496
3691386
3696050
3714076
3727385
3737628
3745561
3754988
3764925
3766868
3773491
3779283
3782282
3792407
3796126
3799714
3801423
3801957
3807230
3810513
3813291
3814832
3826709
3840945
3850335
3858541
3858657
3885118
3887990
3906937
3927906
3933553
3952656
3967180
3968900
3972037
3991969
4002415
4006992
4007367
4018855
4022472
4055528
4059381
4062123
4065221
4065666
4081527
4087528
4092221
4102132
4104705
4107496
4125861
4127095
4140473
4154247
4159922
4160945
4163312
4175133
4175176
4204902
4219290
4221481
4228104
4228428
4241283
4243145
4246197
4246824
4251283
4259815
4262193
4264777
4287089
4300094
4324525
4329367
4341512
4351201
4351230
4353908
4358447
4359347
4366401
4392602
4413319
4423513
4423561
4446420
4455759
4457590
4495385
4513245
4515087
4529033
4540680
4547065
4554809
4557971
4566821
4568511
4569496
4571359
4580434
4582540
4590800
4601800
4603592
4612353
4625022
4631416
4635958
4638871
4670880
4673431
4674231
4676224
4697779
4708540
4712419
4718364
4724070
4728469
4747301
4763015
4764806
4767945
4771798
4777133
4799160
4830935
4831560
4840793
4844814
4854004
4863235
4863917
4865736
4866152
4880780
4881112
4888064
4892878
4894227
4902611
4916185
4916961
4920850
4922694
4928954
4933474
4944782
4962013
4972892
4982240
4987530
4990680
4999147
5002452
5007866
5010173
5012524
5012696
5018102
5019402
5020827
5020975
5021899
5032731
5033071
5036145
5041407
5041462
5050141
5050926
5052373
5056848
5062491
5070290
5072354
5074734
5078473
5082716
5085289
5098640
5099490
5107744
5112539
5114125
5119918
5120119
5121934
5125026
5133442
5135896
5140077
5141467
5146131
5148745
5150777
5158252
5160132
5167025
5169752
5169770
5176454
5177752
5178541
5180247
5181318
5183279
5184278
5189631
5190412
5191895
5193987
5195174
5196124
5196247
5199230
5199419
5203084
5205646
5211684
5213427
5214739
5222075
5223240
5230968
5232663
5233264
5243103
5247590
5256881
5258816
5268415
5284108
5295091
5296050
5305676
5308103
5308539
5309281
5323136
5323849
5334256
5335455
5336506
5337243
5337513
5348925
5349789
5350512
5352934
5358712
5360143
5371480
5380586
5395793
5398311
5400410
5407529
5412537
5413656
5415661
5417158
5418107
5419707
5441262
5451111
5455152
5459011
5464486
5466921
5477486
5477501
5478014
5480225
5480387
5480444
5486772
5506761
5512988
5514300
5514593
5514606
5515397
5515966
5517375
5523410
5526601
5531028
5532112
5536118
5536625
5541572
5543202
5543877
5548260
5551936
5555707
5557401
5561154
5562456
5571795
5572868
5575541
5576248
5578824
5581894
5583273
5583730
5586077
5586383
5586700
5587566
5588123
5588180
5589147
5589475
5593098
5597781
5598246
5598277
5599428
5600209
5602596
5603309
5605293
5606667
5607028
5613059
5613590
5619244
5632937
5635494
5637526
5642053
5644323
5646490
5655922
5660833
5669115
5670123
5671660
5674019
5675485
5678455
5683270
5683413
5687832
5688534
5689864
5690217
5693946
5697063
5699796
5705481
5708987
5716494
5717474
5720426
5722583
5722731
5729355
5730316
5731665
5735036
5736715
5737228
5737611
5737744
5743657
5744581
5744925
5746154
5758758
5761868
5762273
5762521
5762765
5762793
5762951
5763016
5763043
5763048
5763153
5763295
5763373
5763411
5763586
5763747
5764126
5764399
5765647
5767475
5767502
5768137
5769159
5769355
5771664
5772758
5775601
5776733
5777004
5780810
5783228
5783367
5783450
5783508
5784368
5784924
5785389
5788104
5791374
5791466
5794977
5795529
5797414
5797431
5798165
5800892
5802547
5802897
5806442
5808005
5808745
5808984
5811384
5811564
5813030
5814247
5814852
5815480
5818111
5818779
5819469
5822172
5823198
5823956
5824659
5828353
5828519
5831446
5832103
5837350
5839649
5844966
5845570
5852922
5855721
5856093
5861616
5866849
5868778
5875215
5877899
5879617
5880599
5883014
5883401
5886628
5887400
5887815
5887901
5887902
5888426
5888640
5889994
5890434
5891406
5892568
5893513
5895109
5900794
5901274
5903691
5907631
5908276
5909975
5911904
5911907
5911909
5912822
5912824
5913112
5914160
5917559
5917825
5918137
5918307
5919872
5921845
5923214
5924128
5924219
5925025
5925084
5927719
5927759
5927807
5930816
5936642
5937230
5937349
5938610
5938790
5938791
5938792
5938793
5938859
5938861
5938862
5938940
5942277
5942495
5947291
5950885
5951800
5951801
5953345
5954457
5955580
5956479
5958354
5961654
5963023
5964006
5964043
5967658
5971984
5973610
9003503
9005004
9010223
9010599
9014963
9018160
9018518
9018864
9020421
9022493
9023104
9023814
9027981
9032074
9032496
9032512
9035408
9036275
9037105
9038017
9040406
9040673
9041376
9046287
9047929
9050546
9052217
9052799
9052941
9053415
9053416
9053924
9053925
9053926
9053927
9053928
9054053
9054075
9054076
9054077
9054078
9054079
9054097
9054098
9054099
9055111
10666916
10666949
10666994
10667104
10667327
10667345
10667374
10667902
10667966
10668097
10668170
10668314
10668317
10668374
10668541
10668615
10668645
10668664
10668693
10668700
10668704
10668748
10668760
10668775
10668816
10668833
10668842
10668920
10668932
10668958
10669015
10669028
10669072
10669081
10669099
10669122
10669221
10669413
10669451
10669467
10669483
10669495
10669522
10669542
10669593
10669597
10669599
10669601
10669641
10669647
10669673
10669697
10669740
10669772
10669787
10669804
10669825
10669857
10669915
10669945
10669962
10669993
10670054
10670057
10670115
10670650
10670659
10670717
10670761
10670773
10670811
10670812
10670833
10670852
10670865
10670884
10670889
10670904
9057973
9058463
9060518
9075010
9077121
9081707
9082843
9085107
9090834
9091316
9091489
9096281
9096559
9098421
9100077
9100485
9100705
9100710
9100721
9100766
9100788
9100789
9100802
9100807
9102535
9104151
9104473
9107553
9109004
9109186
9110182
9111783
9111857
9119415
9122626
9123169
9125259
9127185
9129522
9150867
9150905
9150940
9152691
9156281
9160683
9170097
9172522
9181268
9181536
9181748
9184347
9188298
9191811
9195540
9196403
9196600
9201648
9206407
9207717
9209774
9215059
9215188
9218056
9218984
9221896
9223785
9224425
9229802
9232999
9234334
9234630
9234781
9234853
9234858
9234859
9234865
9234867
9234883
9236048
9238056
9238500
9240474
9241563
9242856
9244296
9248860
9249432
9250549
9250791
9251205
9251359
9251365
9251392
9251394
9253004
9254059
9259471
9260087
9260381
9260529
9262441
9262945
9263529
9265038
9266056
9266510
9271492
9271495
9272731
9272771
9274056
9274583
9277982
9278608
9279271
9280011
9280531
9280694
9280758
9282611
9284020
9284358
9285846
9286582
9287658
9288214
9288831
9289135
9290389
9291631
9293777
9296262
9296898
9297675
9299219
9300037
9300537
9303299
9304291
9305018
9305453
9305483
9305740
9305950
9306153
9309369
9311100
9316376
9321934
9324506
9327342
9327745
9334071
9338024
9339525
9340544
9341251
9343102
9344233
9344646
9344967
9348795
9354681
9356846
9363117
9363590
9367969
9368992
9371752
9371782
9372169
9372465
9373926
9376702
9376720
9379242
9379605
9380207
9380481
9381080
9383885
9383970
9385159
9387623
9390249
9392561
9399327
9413876
9424917
9427908
9444000
9446160
9449446
9453154
9455019
9457911
9464124
9465417
9467904
9468427
9470979
9475548
9476776
9481452
9486368
9488165
9490188
9497449
10671062
10671142
10671210
10671516
10671581
10671602
10671670
10671685
10671690
10671699
10671738
10671821
10671829
10671847
10671871
10671941
10672002
10672085
10672234
10672252
10672277
10672316
10672354
10672398
10672403
10672763
10672915
10672997
10673099
10673118
10673199
10673214
10673304
10673554
10673603
10673646
10673740
10673866
10673921
10674016
10674019
10674072
10674115
10674123
10674170
10674186
10674312
10674353
10674441
10674605
10674624
10674636
10674648
10674821
10674840
9498670
9499376
9499398
9499433
9504553
9509478
9510049
9511331
9517339
9524602
9527264
9528559
9528561
9528562
9528563
9528565
9528567
9528569
9547246
9547884
9548991
9548992
9548995
9548996
9549000
9549003
9549004
9549288
9549289
9549509
9551755
9551811
9552822
9552949
9553266
9553484
9553506
9555575
9556675
9557713
9560533
9560548
9560559
9560571
9560586
9565022
9565081
9565094
9565101
9565113
9565125
9565428
9567139
9567526
9568651
9569350
9569906
9569913
9575642
9583408
9583417
9600339
9602513
9607621
9610395
9614609
9615542
9621333
9627601
9629494
9645203
9651333
9658752
9698534
9711510
9720702
9734837
9737486
9789635
9790305
9792556
9801030
9801705
9804202
9816445
9823901
9826098
9829591
9829865
9830986
9831086
9837373
9843071
9853232
9855268
9872670
9883094
9898148
9900362
9902575
9910103
9911267
9911425
9916168
9919286
9922473
9927601
9927626
9928078
9934998
9944536
9953548
9959734
9973492
9976037
9985976
9988382
9988817
9993555
9996077
9996080
10004387
10011516
10013376
10013381
10027547
10028492
10029183
10041848
10044480
10044980
10045086
10046686
10047818
10048539
10048738
10071447
10087171
10087545
10088108
10090227
10090825
10107900
10117414
10120173
10122606
10129837
10131385
10133767
10134327
10136673
10136864
10136888
10137444
10674963
10674985
10674990
10675008
10675010
10675030
10675066
10675068
10675082
10675096
10675136
10675145
10675158
10675168
10675190
10675202
10675207
10675223
10675287
10675341
10675353
10675502
10676029
10676073
10676114
10676154
10676173
10676190
10676232
10676246
10676274
10676317
10676366
10676479
10676534
10676543
10676603
10676645
10676666
10676700
10676726
10676763
10676769
10676804
10676832
10676836
10676882
10676901
10676940
10676985
10677034
10677098
10677125
10677202
10677272
10677291
10677323
10677358
10678084
10678391
10678612
10678662
10678671
10678674
10678709
10678722
10678765
10678815
10678839
10141851
10141856
10141860
10141863
10141866
10141871
10141872
10141873
10141875
10147184
10148771
10148778
10148810
10148846
10148850
10148855
10148875
10150326
10150344
10150373
10150404
10150408
10150421
10150422
10150423
10150424
10150425
10150522
10152016
10152019
10154591
10157802
10157804
10157805
10157806
10157808
10157809
10157811
10157812
10157814
10157815
10157822
10157823
10157824
10157825
10157826
10162833
10164407
10164408
10164410
10164411
10165997
10165998
10166000
10166001
10166002
10166014
10166149
10167233
10167235
10168187
10169534
10169827
10170898
10183170
10184205
10184214
10184741
10185527
10188893
10190132
10197095
10197225
10197365
10197422
10197579
10197582
10197586
10197587
10197590
10197593
10197595
10197600
10197602
10197604
10197608
10197611
10197626
10197632
10197635
10197641
10197645
10197647
10197654
10197656
10197660
10197665
10197667
10197669
10197671
10197674
10197678
10197680
10197682
10197683
10198182
10198184
10198185
10198187
10198188
10198192
10198194
10198195
10198198
10198200
10198202
10198204
10198205
10198209
10198210
10198212
10198213
10198215
10203015
10203228
10203232
10203798
10204656
10207332
10209837
10211762
10211763
10211764
10211766
10211961
10211976
10213452
10213717
10249360
10249415
10253011
10254094
10254754
10254755
10257190
10257719
10258342
10259121
10259793
10260995
10267754
10268864
10269074
10269110
10270308
10270674
10272380
10273264
10273328
10273329
10273330
10273333
10273334
10273402
10274524
10274525
10274526
10274527
10275184
10277461
10279182
10279477
10281140
10282488
10283482
10283483
10283515
10294166
10294167
10294168
10294717
10295155
10295157
10295347
10295776
10297042
10297439
10297979
10298093
10299216
10299818
10300024
10300025
10300026
10301881
10307228
10308408
10311414
10312003
10312039
10312047
10314268
10315057
10315428
10316279
10317428
10318073
10319125
10320263
10322365
10322627
10322692
10323161
10323304
10323401
10324044
10324699
10324700
10324702
10324703
10324711
10324712
10324713
10325194
10325195
10325199
10325200
10325201
10325269
10325270
10325271
10325273
10325286
10325655
10326230
10326231
10326232
10326233
10326679
10326780
10327886
10327888
10327892
10328352
10330366
10330568
10331255
10331264
10331844
10333104
10333200
10333201
10333202
10333206
10333207
10333209
10333210
10333211
10333562
10333994
10334075
10337597
10339599
10341904
10342754
10343427
10343429
10343431
10343432
10343433
10343434
10343478
10343516
10344040
10344433
10344703
10346054
10346976
10347408
10348164
10351965
10352561
10353439
10354221
10356414
10359133
10360867
10362072
10364024
10364111
10364692
10366732
10367794
10367920
10367939
10367982
10376608
10388435
10389002
10390056
10390469
10390505
10391597
10391746
10391795
10392721
10392785
10394639
10394713
10395181
10395462
10396396
10396476
10398190
10398402
10399175
10399448
10399979
10403390
10405774
10406537
10407123
10407896
10408380
10408455
10409441
10409562
10409906
10410063
10410176
10410451
10411026
10411035
10411122
10411156
10411157
10411579
10414358
10419637
10421463
10422020
10423465
10426041
10426303
10428422
10431088
10431955
10432058
10432320
10433379
10433925
10438753
10438988
10439076
10440597
10441515
10441805
10443816
10444219
10444362
10444363
10445133
10447463
10450097
10450256
10451641
10451685
10453729
10455546
10456318
10456978
10457483
10458487
10458526
10459049
10459089
10459090
10459099
10459970
10459985
10460108
10460285
10461158
10461406
10461778
10462213
10462282
10462609
10463060
10463794
10463813
10463911
10464336
10464713
10464773
10465189
10465648
10465654
10465918
10466119
10466512
10467143
10467262
10467410
10468718
10468734
10469732
10470419
10470725
10471210
10471281
10471321
10471480
10471846
10472011
10472057
10472736
10474426
10475238
10475441
10476047
10476140
10476269
10476648
10476857
10477064
10477096
10477760
10478308
10478456
10478797
10479234
10479507
10479961
10480493
10481157
10481252
10482050
10482117
10483263
10483548
10483563
10483984
10484572
10485449
10485617
10485716
10486055
10486197
10487749
10487856
10488027
10488742
10489043
10489072
10489920
10491393
10493881
10494772
10495122
10495217
10495398
10496125
10496923
10497300
10497333
10497559
10497560
10500015
10500533
10501090
10501130
10501602
10501965
10502397
10502589
10503401
10503416
10503435
10503744
10503753
10504749
10505311
10505496
10505645
10506326
10506339
10506517
10506929
10507554
10507873
10508025
10508121
10508381
10508596
10508629
10508645
10508715
10508767
10508881
10508908
10509355
10509395
10509533
10509536
10509537
10509538
10509619
10509620
10509621
10509622
10509624
10509625
10509626
10509627
10509730
10509767
10509809
10510170
10510202
10510319
10510497
10510726
10510873
10510987
10510997
10511084
10511156
10511160
10511285
10511430
10511460
10511505
10511520
10511527
10511564
10511570
10511584
10511590
10511733
10511790
10511808
10511865
10511912
10511943
10512032
10512043
10512049
10512059
10512101
10512108
10512118
10512167
10512192
10512252
10512336
10512783
10512888
10512900
10512962
10513095
10513294
10513299
10513364
10513392
10513436
10513472
10513527
10513533
10513698
10513774
10513781
10513824
10513830
10513847
10514101
10514228
10514518
10514944
10515140
10515260
10515301
10515580
10515652
10515787
10516047
10516152
10516554
10516635
10516689
10516839
10516945
10517653
10517659
10517908
10518326
10518381
10518418
10518464
10518473
10518533
10518538
10518587
10518740
10518807
10518872
10519147
10519308
10519333
10519402
10519549
10519617
10520072
10520167
10520182
10520209
10520444
10520571
10520638
10520702
10520717
10520743
10520911
10520950
10520968
10520971
10520998
10521112
10521392
10521443
10521647
10521834
10521838
10522014
10522021
10522123
10522137
10522239
10522241
10522290
10522309
10522329
10522340
10522490
10522571
10522635
10522693
10522732
10522743
10523171
10523173
10523174
10523197
10523204
10523623
10523652
10523786
10523879
10524363
10524370
10524381
10524412
10524419
10524428
10524446
10524448
10524508
10524509
10524618
10525266
10525267
10525401
10525643
10525708
10525953
10526078
10526127
10526134
10526149
10526194
10526349
10526460
10526487
10526520
10526573
10526871
10527291
10527780
10527893
10528181
10528246
10528324
10528541
10528549
10528550
10528551
10528552
10528554
10528770
10528776
10528778
10528791
10528843
10528937
10529002
10529153
10529162
10529228
10529317
10529364
10529640
10529858
10530117
10530157
10530678
10530783
10530881
10530986
10531116
10531306
10531563
10531590
10531703
10531769
10531892
10532034
10532731
10533034
10533187
10533310
10533401
10533473
10533507
10533566
10533626
10533997
10534764
10534993
10535211
10535264
10535277
10535291
10535748
10535881
10535927
10536079
10536087
10536235
10536635
10536901
10537010
10537953
10538169
10538187
10538365
10538431
10538573
10538688
10539058
10539415
10539427
10539508
10539625
10539663
10539768
10539925
10540066
10540172
10540256
10540381
10540431
10540813
10540821
10540998
10541009
10541038
10541080
10541106
10541111
10541235
10541275
10541384
10541654
10541758
10541777
10541791
10541931
10542012
10542338
10542384
10542595
10542742
10542779
10543440
10543723
10543759
10544056
10544186
10544376
10544475
10544598
10544699
10544779
10545838
10546295
10546948
10547316
10548035
10549130
10550164
10550400
10550408
10550426
10550442
10551266
10551864
10551879
10552207
10552373
10552880
10553336
10553468
10553807
10553918
10554148
10554526
10554750
10554766
10554897
10555455
10555541
10555810
10555895
10556017
10556549
10556602
10556614
10556726
10556900
10557259
10558084
10558271
10558378
10558944
10558982
10559395
10559639
10560705
10560917
10561454
10561473
10561506
10561958
10562481
10563036
10563312
10563635
10563787
10564134
10564225
10564806
10564832
10564942
10564959
10565270
10565289
10565427
10565987
10566291
10566294
10566335
10566522
10566921
10567533
10567764
10567883
10568087
10568206
10569486
10570541
10570695
10570733
10570832
10570950
10571162
10571341
10571522
10571665
10571717
10571757
10571904
10572042
10572192
10572492
10572662
10572810
10572984
10573101
10573140
10573396
10573646
10573895
10574736
10574808
10574824
10574979
10575482
10575498
10575898
10576152
10576797
10576800
10577371
10577564
10578382
10578412
10578443
10578499
10578728
10578858
10578895
10579086
10579182
10579261
10579264
10579297
10579493
10579525
10580311
10580436
10580447
10580708
10580792
10581021
10581076
10581440
10581494
10582124
10582670
10582674
10584287
10584336
10584383
10584740
10585024
10585069
10585071
10585077
10585083
10585086
10585089
10585155
10586656
10586716
10587253
10587315
10587573
10587776
10588001
10588033
10588266
10588744
10588849
10589175
10589197
10589202
10589268
10589315
10589564
10589669
10589857
10590086
10590191
10590195
10590465
10590624
10591000
10591166
10591348
10591611
10592213
10592234
10592279
10592608
10593108
10593297
10593318
10593498
10593562
10593760
10594275
10594408
10594513
10594730
10594826
10594834
10594844
10594850
10594868
10594995
10595070
10595086
10595101
10595113
10595121
10595129
10595223
10595352
10595628
10596047
10596793
10596848
10596968
10597296
10597310
10597935
10598053
10598353
10599166
10599576
10599584
10599589
10599592
10599779
10600512
10600527
10600562
10600752
10600865
10600880
10601308
10601515
10601974
10602123
10602177
10602180
10602195
10602221
10602365
10602369
10602376
10602380
10602384
10602390
10602395
10602619
10602815
10602887
10603110
10603570
10603792
10603876
10604077
10604112
10604251
10604261
10604274
10604285
10604296
10604301
10604316
10604353
10604369
10604374
10604380
10604393
10604398
10604720
10604745
10605694
10605709
10605917
10606100
10606169
10606502
10606642
10607088
10607126
10607394
10607451
10607768
10607775
10607854
10608063
10608109
10608254
10608384
10608610
10608615
10608634
10608658
10608661
10609109
10609171
10609550
10609747
10610051
10610281
10610289
10610405
10610525
10610669
10610673
10610953
10611033
10611169
10611193
10611202
10611495
10611505
10611511
10611729
10611970
10611985
10612026
10612056
10612077
10612230
10612327
10612344
10612387
10612404
10612410
10612415
10612418
10612424
10612427
10612433
10612435
10612438
10612442
10612449
10612455
10612458
10612467
10612840
10612858
10612874
10612888
10612906
10613041
10613181
10613192
10613211
10613219
10613262
10613290
10613327
10613384
10613410
10613488
10613562
10613669
10613987
10614423
10614439
10614692
10614753
10615046
10615379
10615437
10615438
10615546
10615572
10615844
10615978
10616088
10616298
10616719
10616870
10617092
10617357
10617542
10617545
10617940
10618076
10618079
10618234
10618401
10618504
10618549
10618587
10618787
10618897
10618928
10619270
10619357
10619528
10619689
10678872
10678902
10678947
10678961
10679390
10679405
10679425
10679434
10679446
10679455
10679479
10679564
10679567
10679605
10679642
10679654
10679703
10679740
10679822
10679849
10679876
10680115
10680180
10680209
10680240
10680271
10680297
10680298
10680334
10680352
10680389
10680408
10680814
10680865
10680905
10680962
10681440
10681647
10681706
10681802
10681845
10681860
10681903
10681947
10682250
10682415
10682489
10682522
10682524
10682532
10682578
10682597
10682615
10682630
10682749
10682899
10683031
10683068
10683081
10683091
10683133
10683170
10683209
10683246
10683249
10683263
10683287
10683293
10683640
10684426
10684527
10684600
10684660
10684722
10684728
10684800
10684819
10684890
10684894
10684988
10685077
10685097
10685185
10685249
10685330
10686368
10686750
10686929
10686990
10687226
10687555
10687756
10687758
10687883
10687963
10688115
10688158
10688213
10688252
10688264
10688385
10688500
10688561
10688604
10688628
10688657
10688662
10688717
10688750
10688770
10688823
10689083
10689134
10689199
10689253
10689431
10689517
10689538
10689610
10689740
10690614
10691437
10691617
10691748
10692111
10692415
10692438
10692775
10693241
10693310
10693463
10693522
10693617
10693817
10693921
10694116
10694121
10694139
10694141
10694837
10694948
10695006
10695129
10695149
10695609
10696029
10696115
10696193
10696542
10696857
10697119
10697125
10698286
10698427
10698922
10699026
10699069
10699106
10699771
10699989
10700142
10700202
10700366
10700385
10701414
10701750
10701811
10702547
10702578
10702698
10702862
10703974
10704015
10704411
10704628
10705377
10705446
10705506
10705508
10705512
10705595
10705603
10705630
10705635
10705704
10705746
10705858
10706028
10706129
10706132
10706257
10706303
10706450
10706624
10706728
10706729
10706730
10706754
10706781
10706942
10707330
10707719
10707874
10708159
10708194
10708611
10708715
10708832
10708921
10708979
10708989
10709142
10709384
10709618
10709705
10709804
10709946
10710023
10710061
10710062
10710064
10710067
10710070
10710244
10710682
10710715
10710724
10710753
10711038
10711045
10711380
10711463
10711478
10711483
10711484
10711896
10712199
10712999
10713039
10713040
10713041
10713042
10713080
10713174
10713277
10713278
10713280
10713284
10713408
10713599
10713749
10713885
10714255
10714256
10714775
10714874
10714875
10714876
10715118
10715437
10715528
10715570
10715650
10715851
10716337
10716338
10716847
10716897
10716922
10717061
10717148
10717503
10717601
10718002
10718004
10719715
10719716
10719718
10719721
10719724
